964667 163.120806 
644453 89.270279 
232925 107.184433 
993704 133.960291 
307131 133.046720 
455250 110.157375 
541347 199.974915 
634713 160.255642 
741995 175.233687 
764527 154.605873 
23654 35.523871 
591269 187.536336 
14478 23.622601 
472387 155.761162 
906327 149.714227 
728992 91.009356 
877028 318.567041 
885005 123.461722 
550921 203.038149 
362219 115.466655 
653315 211.502587 
225151 108.689769 
984626 159.584237 
930712 152.119552 
19388 33.091942 
620122 159.596474 
144355 66.826984 
57273 31.014828 
937821 199.685309 
528627 118.707124 
402668 98.085433 
564209 180.179349 
944564 267.605553 
966099 168.994447 
192316 61.895741 
331349 114.153150 
627817 140.961781 
778282 179.458486 
366555 101.652744 
543172 137.146271 
538126 92.540451 
969196 257.489449 
680709 234.079983 
791157 210.842232 
372285 135.429651 
483792 155.885276 
807666 170.141224 
168524 98.844916 
828591 82.767979 
616384 156.160246 
737620 145.388394 
252199 149.437274 
61585 69.841755 
177976 74.474495 
91596 83.300566 
933736 147.459218 
21257 14.106034 
619322 132.487418 
759759 159.355372 
291612 104.133921 
754902 225.437149 
26369 28.674919 
380050 101.834189 
858631 142.611157 
826829 124.865751 
915497 153.270314 
246520 68.833171 
747956 163.572680 
416420 152.285951 
929047 333.929476 
130426 73.770021 
412782 93.022691 
344806 105.921352 
469536 151.596479 
220733 71.417693 
903597 118.404803 
872212 152.093644 
841814 202.170989 
644373 115.497791 
683542 132.347815 
400800 231.184034 
369622 85.745966 
89337 44.051338 
547646 170.829509 
398105 67.823462 
229462 93.290277 
392816 116.738599 
956815 101.566583 
413948 121.086335 
192378 86.491124 
881329 149.880653 
487264 99.744203 
727816 114.714321 
355764 83.794288 
958532 167.008657 
407792 114.067998 
234060 120.369585 
336999 88.998532 
892581 136.121692 
905275 203.269663 
904858 134.664808 
331342 77.250665 
409356 88.051774 
196434 90.751577 
328479 78.912942 
150740 40.636891 
910103 226.542813 
872350 164.640746 
180360 97.987791 
12427 24.860405 
651161 122.417118 
53274 29.029141 
671324 148.577815 
370625 110.377297 
104926 43.819395 
350250 61.982949 
412771 132.627712 
663781 122.632367 
520671 104.192405 
878060 136.612965 
723090 157.948418 
810565 229.432709 
919835 156.956123 
659500 127.295383 
917670 172.812863 
628005 133.118621 
770872 291.743057 
57596 73.194675 
671374 213.725724 
820379 184.036199 
231378 130.256049 
745983 178.530680 
83844 46.993659 
604434 172.639562 
951578 175.631180 
494177 144.802517 
52482 49.133987 
565558 102.297755 
307172 91.201229 
815084 119.568960 
510087 117.489673 
997513 96.083133 
313128 70.687281 
672969 180.512524 
92662 51.679901 
455557 100.986010 
629560 96.156543 
314703 131.551920 
872779 292.955407 
936810 100.140489 
55944 54.377825 
42576 38.179103 
754485 105.154645 
993753 244.238252 
376739 112.195614 
607605 112.230942 
277199 118.874443 
544539 84.768002 
332518 75.389443 
149825 68.927338 
750402 147.038254 
949766 160.995038 
320927 113.503626 
342931 90.572329 
782636 185.110707 
596771 118.369485 
343808 88.191837 
619382 107.923304 
271360 81.369824 
646993 178.709616 
726510 208.483379 
774318 126.448996 
777649 115.626413 
859780 109.217279 
305053 139.495647 
743955 138.328500 
412894 90.535521 
135452 62.699605 
788285 123.739515 
92647 92.689889 
521816 82.377735 
634989 110.106971 
848137 161.163331 
228552 108.603361 
929392 171.883916 
377915 110.960314 
688294 114.120479 
323501 86.080178 
610208 135.192197 
140065 55.034448 
496415 163.760672 
813491 169.968741 
147033 45.091695 
155808 90.579475 
412632 133.394896 
759114 172.858815 
698299 171.016617 
920177 178.304480 
500130 127.786383 
912017 137.279418 
977089 227.825313 
520275 156.124712 
805524 120.775405 
615847 66.885797 
962266 282.839243 
932048 135.972840 
308093 128.175528 
171031 51.812987 
243679 122.513893 
548245 87.854293 
901576 93.716467 
60713 32.079926 
345655 63.541393 
25804 38.106145 
153826 105.158686 
19283 28.198518 
55010 27.691626 
780967 137.188667 
929153 107.631594 
946312 201.821451 
374498 86.225559 
33825 33.204684 
999148 200.090653 
225238 58.017820 
170756 59.559418 
756411 153.617167 
948543 210.973768 
408662 147.948197 
616314 203.728376 
66768 24.180942 
86081 54.046264 
131408 51.365770 
463959 146.976923 
711107 128.030547 
561981 153.695187 
272746 63.878102 
615516 111.044911 
716927 280.954996 
307317 151.451936 
350785 109.205473 
612418 176.054391 
866493 198.233351 
42222 40.315942 
685192 133.419012 
806008 195.467643 
548510 116.806692 
969703 143.593588 
876880 126.339010 
780219 117.165408 
360141 84.969019 
692273 155.044216 
292435 119.957205 
562707 112.753659 
522406 141.017933 
639827 130.128161 
814511 217.073651 
523781 113.583378 
844068 175.031330 
588896 146.881923 
249113 70.316621 
943518 299.878168 
471892 105.073389 
840217 157.865364 
229136 44.390555 
214793 113.732014 
219848 127.149082 
691687 125.855532 
241934 63.543943 
702581 174.314981 
731587 153.218815 
852862 291.808959 
377738 117.566369 
785163 155.906967 
127294 70.388195 
268560 114.718808 
619307 167.388722 
955510 128.012669 
592970 115.359557 
617264 123.090248 
74688 33.857855 
420520 158.664999 
939944 164.666083 
259318 51.409767 
283415 85.275696 
383581 102.630944 
226285 149.720885 
400249 139.519751 
991047 110.512626 
985956 179.682471 
574416 132.053276 
748863 198.373221 
277773 59.054553 
888676 175.508679 
179337 95.353540 
642814 132.392369 
833976 158.887192 
525878 115.728484 
245648 63.208039 
547086 76.762598 
974908 315.959197 
283650 122.070774 
808287 128.471893 
190922 68.757658 
667091 129.221441 
150148 74.355917 
653719 95.933920 
631192 231.338011 
346419 112.751495 
588198 115.663846 
75823 57.192536 
158194 61.250336 
968999 110.716288 
994201 145.646602 
935795 176.685382 
602397 127.411975 
60981 65.087675 
556243 212.055109 
826091 163.693396 
352366 89.439255 
300260 85.324815 
210764 73.297117 
698586 158.202630 
777632 219.481572 
628845 207.427179 
847079 117.127570 
681250 241.151460 
890611 144.128837 
973268 235.466155 
858048 184.853049 
272843 96.166731 
989613 123.882091 
129734 56.841003 
896600 248.546692 
70737 32.553656 
83010 45.535399 
859192 210.420601 
872626 159.655007 
793985 150.917245 
672114 186.214088 
890013 174.413044 
496575 134.695571 
653553 96.279787 
199160 78.177049 
921480 204.769979 
831272 125.200870 
466426 72.842493 
645766 97.386486 
990733 235.951368 
797917 229.304135 
458283 110.488050 
532893 116.371539 
735443 133.939571 
943815 201.917494 
606448 111.182446 
278467 85.896796 
211514 99.538446 
452020 79.244392 
619604 137.818607 
14161 26.222667 
638504 149.732922 
872824 106.978019 
190945 119.847368 
286501 95.478605 
90836 63.154433 
408368 126.577900 
566240 224.985744 
442322 137.725117 
440327 155.781505 
320495 80.499520 
958109 138.640648 
88133 53.857505 
698256 126.600693 
644673 175.401671 
845545 170.992173 
418504 74.325518 
51132 44.566599 
489139 92.198035 
205976 93.049960 
688855 117.015061 
980138 149.185137 
713179 152.217324 
426285 99.761075 
698004 81.106546 
550433 128.270438 
169462 54.358086 
437311 156.875102 
243171 93.631870 
114184 42.315752 
170656 74.909343 
863495 200.360821 
999275 223.247539 
60949 55.403341 
279724 93.539950 
575649 132.344143 
582307 77.331801 
737265 175.130711 
399598 60.239085 
120317 82.812776 
540941 206.778048 
488981 99.357012 
310253 78.253321 
732741 115.538964 
594706 96.251697 
638769 164.424477 
376371 116.264083 
516110 98.164195 
642873 155.099573 
636008 155.379842 
748447 257.905354 
289128 163.973162 
738603 232.337264 
23974 34.300456 
498687 143.337373 
142767 44.065483 
342039 95.770905 
90823 47.034222 
138537 86.325465 
393244 172.986835 
423272 80.717852 
315998 112.210847 
419276 84.210135 
463831 82.798889 
471846 77.830069 
287461 77.805054 
186284 45.750633 
616605 133.159905 
667575 130.914433 
716189 223.218626 
545771 74.558037 
216160 55.606285 
977879 202.116045 
630169 99.535049 
280376 78.542085 
137003 44.700145 
476912 145.447598 
35571 48.857117 
196943 122.303334 
247870 55.689322 
575120 171.790978 
121618 129.834136 
591247 155.582298 
437862 122.724746 
769697 190.580809 
496798 155.132654 
506637 147.003780 
347394 75.722119 
324473 149.211696 
561676 165.629743 
618797 162.752912 
359272 81.835049 
667558 123.315117 
883795 132.703182 
29690 50.587164 
958076 218.012665 
397127 111.200875 
409115 137.495312 
160500 64.454930 
761991 185.899458 
859556 106.025445 
878388 144.600807 
779400 206.552991 
181445 61.568020 
357143 128.047759 
483714 144.976030 
759910 138.317487 
603726 87.198263 
960616 213.208474 
587050 211.170795 
85015 68.113304 
817128 148.780895 
380708 117.500133 
827053 150.919109 
706186 131.646410 
343845 143.154272 
361818 119.784499 
370779 237.643559 
467361 120.117624 
456307 89.675016 
123745 44.376319 
365404 79.664255 
120880 66.184085 
396025 116.491669 
912392 149.217676 
673093 177.811622 
776978 210.029834 
973864 180.231179 
788413 242.421402 
151265 42.799913 
856248 220.847721 
594956 132.302523 
398114 78.689068 
444585 136.591188 
507750 98.388653 
772629 197.460815 
887382 237.838309 
402815 163.997269 
627950 78.514718 
473752 119.753053 
365445 101.533164 
763683 166.246958 
949559 127.623865 
742108 130.564023 
90068 101.194033 
229252 93.631153 
340822 171.937349 
887126 201.306918 
160012 50.238769 
260136 199.586356 
595803 156.173106 
322015 96.874948 
918503 193.543677 
613366 114.181838 
324679 83.332869 
799499 149.225243 
608829 94.096433 
622072 116.403437 
922883 172.828276 
184242 68.324011 
136605 41.317164 
632959 163.452205 
161513 66.547097 
894924 96.787087 
577705 202.519483 
136233 38.039457 
196079 71.210521 
996353 156.020585 
530494 96.728797 
927014 167.831598 
391232 180.136398 
23080 24.789030 
597319 109.784209 
977409 140.208715 
106047 40.489991 
713300 108.535746 
540513 165.205453 
666987 222.044196 
384698 175.511529 
210068 145.521671 
766358 142.823895 
570374 178.987237 
271089 52.953357 
83233 27.994491 
166564 47.157976 
284628 89.548754 
90669 36.693997 
13991 12.928671 
44409 33.954742 
164213 44.356872 
114833 90.603957 
152881 56.323205 
681011 274.687178 
922528 133.130000 
924193 125.423980 
978578 116.899249 
198574 66.557649 
34100 19.660926 
620613 206.214595 
26968 28.500102 
614352 199.812152 
157881 47.012610 
49985 42.463455 
237751 72.151464 
740800 85.888164 
605092 169.301965 
771198 124.339776 
324926 104.281432 
349850 75.942070 
360762 91.802755 
480280 244.903841 
587265 93.083177 
490275 90.771137 
617711 114.185076 
720836 179.441035 
798167 122.853041 
437998 77.446158 
494560 135.248563 
583464 151.417944 
142134 96.134374 
997237 179.904035 
123685 134.407434 
467018 124.812588 
722988 121.611228 
460614 103.780509 
731605 195.494579 
780436 129.791663 
545592 70.802740 
463788 99.420143 
864475 132.647288 
401905 126.359227 
615643 231.272488 
783762 200.870836 
697981 223.681727 
536392 210.966133 
980392 151.715431 
692526 255.238257 
27064 31.259497 
313594 107.088138 
568732 72.868780 
994034 162.094901 
152317 60.943925 
305846 100.260954 
479501 149.484287 
34344 32.894758 
418972 78.328747 
818792 85.141027 
832909 157.636782 
576628 130.934611 
857591 236.977148 
896924 260.223253 
624417 181.435738 
601666 158.918334 
297572 120.633534 
166274 110.097672 
863679 265.589785 
616579 108.488268 
930587 198.292232 
703895 246.597355 
561700 117.989935 
859716 194.854021 
980885 229.037105 
318630 98.131502 
654255 87.204572 
708614 170.001325 
212444 52.427192 
200774 70.875917 
975744 146.246760 
103541 61.042107 
893368 180.527156 
918701 304.694983 
215163 68.402418 
937558 172.291236 
277000 90.716045 
810080 236.887772 
33494 19.909092 
932119 135.444836 
469202 138.794519 
943725 189.458296 
294481 112.612648 
655236 197.478500 
202361 69.264300 
877682 234.440698 
939824 242.258469 
61734 23.887893 
227397 93.254269 
682538 114.165633 
260054 82.874044 
284588 149.252773 
209148 95.446439 
438158 128.279435 
332114 91.176110 
452453 103.027646 
35976 36.439124 
726627 142.031823 
555236 78.675501 
73716 108.975188 
837285 163.608641 
750998 141.757499 
984262 155.494475 
775289 205.434734 
706768 187.508218 
80001 38.369637 
572701 106.373668 
249320 81.004640 
15697 28.192285 
298665 143.929462 
12140 17.315902 
706342 174.819019 
219745 80.119438 
894372 136.931417 
388185 122.799599 
26258 33.423676 
120589 67.595578 
644570 114.795316 
547974 113.336121 
359692 109.097708 
815796 104.492152 
132506 104.276156 
129952 71.590445 
911369 171.733591 
740526 300.890841 
496287 92.017025 
977492 120.913273 
699915 175.865064 
397103 118.377886 
775766 153.161070 
612217 170.019186 
738000 174.388992 
64663 30.364917 
197572 60.053804 
535909 115.040257 
802558 177.115376 
131443 122.010814 
374809 143.046307 
302663 87.327897 
104002 81.167971 
140502 42.466470 
980536 175.186026 
874145 99.106586 
694190 137.445952 
94486 44.530530 
653263 147.634745 
339024 126.995807 
970478 176.788776 
600928 146.695563 
995601 233.312482 
898984 181.091235 
316476 93.791675 
980923 156.698595 
628100 129.805841 
978439 294.809774 
76936 42.416042 
375100 76.051389 
203311 78.008791 
159587 94.236395 
665807 131.621729 
547253 187.680619 
520667 68.964689 
730115 134.834593 
583624 129.505830 
384919 88.035553 
101899 57.176535 
380506 143.751072 
378123 140.111584 
348172 88.283294 
530497 196.083437 
653556 116.160127 
33983 53.697344 
794822 90.540599 
968156 144.663063 
636620 181.109120 
509238 92.233355 
914385 199.791883 
281634 196.285913 
811216 227.590764 
770234 237.885239 
260257 88.997166 
39860 27.489487 
258520 95.888566 
169160 80.184404 
842915 129.608461 
496977 105.601596 
276297 116.329818 
441091 194.694472 
262422 83.960632 
186611 90.471494 
167041 56.820782 
691274 214.465600 
296615 94.025309 
498452 65.466821 
347056 143.054964 
153375 58.963465 
359816 81.326022 
801488 204.327957 
355894 121.196395 
978294 193.609121 
263271 64.455147 
588498 226.559445 
219576 53.432837 
372221 117.863104 
243841 98.140744 
491487 115.931128 
830933 142.426663 
267545 94.189459 
384501 125.341852 
194059 69.512338 
492636 104.796297 
71722 60.184420 
22778 30.460881 
92877 58.331056 
230379 65.262096 
350791 96.680658 
505412 121.556603 
477800 114.679677 
898464 129.715529 
198567 74.620886 
781616 115.120365 
512319 131.998644 
150663 41.949529 
792258 248.740773 
366347 100.055024 
891138 77.013392 
704697 180.497821 
333716 120.325159 
223628 103.766008 
942934 291.233287 
965935 130.958997 
841801 154.204903 
256865 161.264540 
849876 254.687182 
288791 96.464160 
966223 322.471166 
664051 105.397162 
574226 141.001846 
466406 115.387877 
865009 172.774721 
991985 176.694097 
212457 79.892715 
129061 40.966426 
96958 85.395482 
588726 138.812019 
679299 200.073709 
570437 117.197569 
294612 57.981250 
529589 98.894919 
907992 162.295245 
308882 78.737613 
93491 70.051888 
572220 101.508346 
726288 183.901287 
653567 116.543592 
586527 97.606886 
603666 126.624554 
476332 82.139062 
206868 96.209090 
136474 56.104694 
842376 185.329265 
127055 45.103569 
623260 153.306642 
390604 98.810177 
332004 63.486870 
984625 122.109241 
813355 135.314127 
952403 105.755987 
459157 139.593671 
516730 120.864433 
541644 161.906178 
545348 88.640244 
498195 162.794042 
700478 177.181049 
229325 67.041058 
459672 105.938568 
81298 88.500701 
572398 177.170051 
164492 62.219592 
812502 109.875797 
608999 144.921729 
538476 83.230989 
881866 154.070999 
177282 75.241839 
867431 236.496399 
166656 73.658493 
23310 17.688279 
504415 102.258422 
825158 113.279899 
237347 87.942715 
575197 131.854537 
950526 119.526469 
189966 76.433711 
704816 108.544650 
348171 58.287335 
24168 19.257209 
861064 118.882314 
300928 84.988586 
411232 223.179141 
368573 97.109508 
887939 119.262054 
890191 172.914690 
754227 180.155170 
404866 86.849037 
564847 77.135771 
159177 69.448535 
515244 105.139727 
591553 141.328232 
644966 91.587310 
651603 161.926625 
509654 103.748770 
598857 165.523349 
848543 164.193765 
312561 91.945179 
999487 209.829430 
981829 177.858529 
251870 76.254528 
980320 162.783029 
563497 141.910555 
910993 178.830392 
377404 110.347858 
363626 110.183222 
128082 63.171164 
863607 99.577234 
203132 62.281786 
245466 162.686075 
738192 124.932746 
912061 145.175517 
571253 84.293827 
755662 130.113638 
717650 243.325920 
875808 187.401660 
70334 36.896600 
913891 198.995608 
791735 114.655815 
252417 82.088714 
304922 71.789737 
903315 215.841039 
745375 127.445553 
839367 212.461141 
463702 159.583809 
199276 112.735453 
186719 64.081885 
464303 107.569072 
457571 117.314820 
111427 52.127198 
718576 100.425331 
255533 95.335176 
209927 54.443504 
179775 90.673619 
369516 123.696453 
948709 116.450976 
278954 121.905516 
441318 107.051293 
360615 112.032279 
140154 45.544189 
350424 91.132236 
946633 117.840278 
861991 164.004142 
984902 166.842170 
959456 312.214248 
248941 178.519338 
53672 59.836516 
618516 170.339140 
647897 106.338813 
801113 117.742845 
894539 172.695934 
788385 217.295003 
440560 111.751776 
957945 153.398884 
997489 160.406666 
11881 24.108662 
550342 98.598730 
688372 166.333312 
332358 59.374005 
155378 48.136289 
456526 70.099966 
715443 128.568279 
676186 139.302863 
387328 101.466366 
189552 69.601641 
300685 65.708484 
551014 71.461783 
486961 100.592146 
965089 165.430736 
391236 182.191076 
830327 171.716157 
491463 106.331032 
580767 104.534359 
394040 82.543880 
176200 65.125827 
624230 131.437350 
531780 86.365058 
493244 183.716218 
542230 101.358292 
609517 233.841760 
526612 155.068351 
261551 107.349193 
782642 258.427454 
488740 115.292481 
646419 146.452586 
755642 119.358415 
624547 201.587306 
591352 221.676242 
218478 43.216693 
444556 121.951066 
883301 137.737878 
745657 119.531274 
309044 118.192299 
468183 79.903214 
116982 37.061542 
970803 209.648133 
302530 114.291579 
867327 317.412629 
347853 97.629251 
645088 121.660410 
96461 34.747864 
517975 97.049306 
749081 114.281858 
723414 166.179340 
891151 258.749190 
178582 95.862731 
585437 125.533983 
771117 160.662170 
110122 94.603918 
924002 234.005221 
991296 239.771273 
721014 171.328038 
28789 30.523563 
379777 179.563413 
54760 47.310909 
396229 119.375290 
930197 188.804962 
828646 244.314651 
527059 127.717905 
471628 92.613371 
808417 258.867334 
85591 41.638044 
751986 122.237506 
128515 41.049065 
978402 180.973060 
818583 114.403537 
873682 110.124279 
901018 153.583363 
295137 115.711904 
