460094 97.612639 
402300 143.896891 
459095 141.124464 
459298 147.161438 
820462 168.230426 
804116 148.694488 
485932 170.552212 
214990 76.371660 
643506 149.197750 
619953 184.212303 
896001 418.483439 
933950 169.892570 
532666 129.332522 
496855 151.031541 
472705 105.343095 
772307 219.783616 
610225 175.514295 
840560 105.026021 
315506 133.124980 
444820 154.244356 
506527 169.227116 
884166 247.976796 
261015 146.221650 
223179 53.932022 
287783 107.964916 
752245 155.186669 
163860 113.123027 
483799 144.996283 
479509 220.393140 
294207 122.085017 
706156 266.479550 
563642 204.732806 
889964 109.964727 
82855 39.291980 
922341 181.641769 
271794 95.407486 
817805 186.595956 
36575 51.003018 
308776 152.712662 
425553 167.957261 
137362 92.745798 
330033 104.150881 
879654 248.128192 
751984 182.919733 
172796 67.837015 
779927 216.984235 
138023 91.760842 
654018 143.168186 
393905 123.615452 
884850 162.568502 
874886 161.256442 
89745 115.141524 
483544 199.020765 
781337 172.468048 
108871 92.626787 
103475 78.454143 
87060 99.042620 
806550 156.484345 
620001 168.230724 
532834 244.217121 
118966 109.743200 
303233 137.217641 
968831 190.745986 
819033 259.994265 
605377 135.474600 
340464 115.216636 
152587 139.880717 
144810 144.883672 
341468 165.005636 
169250 52.008078 
952777 304.566831 
115157 67.769190 
88560 50.895835 
825999 267.036457 
305673 91.555875 
80627 68.134726 
668780 184.119396 
853871 274.058268 
839402 254.812548 
671355 135.820757 
791956 286.295032 
524726 134.782811 
102355 109.442323 
284843 198.689820 
854222 203.825246 
755434 306.294087 
824323 218.476149 
851333 165.049374 
312892 175.261888 
938456 242.689233 
964724 178.351629 
971032 244.241931 
316980 72.217970 
654107 148.615399 
962035 157.261326 
659474 212.282216 
358611 145.151351 
703156 187.210768 
826930 284.603098 
466250 310.027845 
35944 28.047764 
988309 138.323617 
679738 122.978941 
958404 218.239805 
860168 161.318525 
688845 170.317347 
691927 189.118048 
472999 139.736218 
974831 233.563167 
853035 170.871922 
594806 118.490250 
395579 220.148404 
568872 110.355005 
654073 347.669127 
137629 137.837614 
111217 56.873315 
807076 192.502844 
273087 157.419237 
384586 86.964032 
841705 204.361633 
964060 171.192408 
847525 135.670717 
678799 144.067261 
998790 310.711763 
815231 150.927326 
147569 52.229373 
563178 229.163291 
950618 235.069638 
659106 122.125376 
72120 63.452486 
583534 95.820021 
210758 98.747340 
60540 55.318231 
134539 84.273784 
559364 165.248928 
998839 254.092904 
672986 196.478333 
364577 128.969974 
940402 180.754837 
459034 116.115832 
113483 68.194944 
639458 234.019098 
185055 77.195511 
768243 248.750347 
959547 355.761812 
575357 94.891752 
102996 83.141452 
28306 24.070340 
155516 97.825032 
63118 49.312057 
633715 145.998326 
827368 143.834713 
257364 86.014631 
414140 197.339687 
241418 65.128552 
232023 68.553512 
534934 234.384223 
250578 111.545017 
306235 135.134987 
344673 112.534065 
296847 149.327578 
58225 34.235127 
458755 138.609299 
402148 110.580390 
802009 195.887114 
176494 95.464351 
452399 106.400778 
539839 309.938178 
362062 182.808080 
448047 211.503874 
387660 106.244475 
613776 259.625422 
456145 297.636252 
738820 201.482426 
965492 147.655605 
303351 118.478616 
298149 195.633166 
181323 133.992332 
25495 39.543463 
696045 137.105742 
40320 38.582590 
230794 59.530258 
985243 257.957867 
248345 143.155257 
495734 121.167877 
177463 105.354485 
630933 277.413730 
750484 120.851090 
511148 167.966615 
910380 172.368100 
219634 99.088651 
655076 217.683606 
131090 89.874172 
913814 253.140876 
78329 67.556849 
553513 211.997272 
308572 116.869390 
593316 97.682499 
897843 158.763845 
808502 149.151278 
616952 163.086699 
904360 352.617324 
547252 138.942897 
406458 153.067942 
647524 232.142549 
691631 283.321852 
533874 180.622854 
353789 117.806075 
754687 182.890031 
816736 133.378984 
408345 165.280305 
128898 76.958717 
178985 80.778297 
284170 75.993358 
636124 212.544242 
913153 249.787946 
890243 144.371752 
271015 99.119891 
55340 86.207622 
106791 48.489197 
446783 178.014369 
234166 89.201318 
167038 99.793934 
737836 258.955224 
425603 138.554828 
555484 84.485545 
811753 244.322295 
333598 87.117499 
793981 263.330602 
45341 69.080697 
273771 70.153922 
795570 254.240073 
957099 277.507291 
700425 227.383100 
360269 213.433157 
934664 170.860529 
115629 68.700364 
878131 142.908634 
677778 162.955917 
96730 110.994058 
271076 97.476736 
159461 135.731993 
825788 345.413246 
152037 52.137373 
485695 120.141715 
578002 235.145115 
729453 247.743590 
258764 103.459584 
208701 117.335548 
573193 120.080408 
480497 88.818557 
757101 340.291036 
826692 176.832824 
341253 107.998645 
781097 170.080333 
385717 124.187116 
393930 175.691598 
296022 73.305774 
678961 118.145264 
870287 184.212255 
214126 115.082559 
479990 111.193854 
538025 239.650240 
622141 184.106396 
670478 175.957692 
424985 145.733314 
411198 193.853369 
209894 165.637504 
759629 163.518531 
437635 116.395435 
237447 94.030664 
315390 136.859532 
200561 105.297816 
837395 156.032095 
475586 133.004988 
225056 98.847547 
330048 104.312054 
612151 97.145755 
819646 179.911345 
574037 127.618682 
968746 210.068670 
659926 179.779897 
330941 139.060788 
36551 43.332791 
620926 224.780386 
287386 202.560109 
882498 240.220033 
874124 235.964758 
332448 132.975911 
878665 289.335063 
472182 124.222533 
662077 188.849677 
847566 137.501743 
25383 39.953910 
28542 48.241630 
863486 160.483173 
919964 172.819792 
959876 303.710938 
246639 108.716774 
649279 222.404341 
140600 104.323155 
806692 154.201835 
850227 154.719020 
167250 110.450333 
290141 93.715377 
904179 181.286230 
388891 169.452965 
672338 101.325498 
857226 176.133711 
826192 351.970985 
968324 208.882038 
590973 215.815635 
404346 105.366961 
865262 125.759210 
266826 145.602248 
812850 231.516986 
986770 265.968364 
892560 136.011777 
781746 180.794554 
972284 110.823510 
797151 272.631533 
763234 181.195946 
978582 163.343221 
947515 165.368585 
894495 194.374108 
546990 109.430618 
581733 188.204355 
307553 118.055466 
871000 214.623095 
617163 152.928099 
575123 237.634295 
217271 70.905634 
338699 192.041779 
769238 119.261451 
577978 183.095955 
839020 141.831467 
107496 56.828996 
417527 111.934840 
453895 134.816952 
341116 127.751152 
488964 190.043697 
176184 81.020865 
96862 76.141015 
624778 157.648183 
423396 331.640222 
746038 269.162006 
892496 128.080367 
276089 156.707519 
959210 178.373016 
954584 264.239082 
166691 84.246166 
104134 61.385654 
221878 93.252520 
101694 99.109725 
818329 192.275854 
142844 70.185713 
429033 113.198467 
666488 169.681530 
592878 143.087453 
925516 173.653403 
23474 49.287742 
870686 180.729991 
151557 85.190043 
519282 193.123423 
83055 41.685407 
284890 113.014439 
880904 222.376795 
780862 302.840229 
833260 158.786852 
647430 222.537868 
707033 170.062172 
915357 224.985636 
624307 199.097501 
415702 130.239464 
789140 193.322409 
257145 95.252915 
484469 118.011399 
972753 217.319384 
507506 198.422939 
282277 112.062566 
823832 175.359538 
614042 114.092512 
39847 35.880419 
950763 193.855238 
674169 176.528878 
365367 205.122347 
584699 144.003572 
318363 169.449033 
689688 208.281992 
417145 142.329317 
365667 218.378743 
795060 273.275135 
25867 35.703651 
793745 242.904718 
593213 104.705214 
484787 122.027538 
839859 208.284035 
215599 74.471212 
105744 66.015438 
498685 117.865155 
737037 126.524020 
743742 140.533148 
553846 99.563596 
340040 78.947876 
888950 246.036258 
211132 117.198610 
314781 96.029282 
383982 173.918849 
866470 178.478580 
430199 103.215252 
154200 82.906142 
475278 106.119264 
684106 150.619882 
715843 190.682607 
481793 92.742768 
283484 191.344567 
493968 123.124261 
85643 72.894217 
99469 46.072277 
194176 109.269026 
299150 146.237177 
182365 64.879544 
305808 105.864190 
371372 103.481181 
811782 197.010483 
574953 144.405142 
107012 70.434411 
910877 160.984379 
646705 194.632810 
53006 70.697667 
460760 132.244213 
944876 273.304348 
838069 254.771119 
323763 83.303194 
101059 39.024588 
797247 161.495986 
769324 246.967698 
929113 254.994762 
886272 143.788238 
749818 274.745961 
771362 172.462701 
387689 92.208994 
382704 66.479773 
602895 217.236182 
896730 268.596192 
926033 177.100289 
577829 149.097401 
673681 143.504574 
653508 158.303099 
683201 176.426881 
402326 127.091403 
145254 47.819008 
508796 110.880039 
324800 88.480389 
805867 138.516262 
605062 149.905328 
862652 209.025005 
683047 101.870586 
703289 177.654221 
126276 63.727083 
193770 102.755562 
997254 178.690202 
499871 96.598094 
239830 79.898167 
328821 136.367774 
756163 236.076951 
452923 95.918392 
845940 260.226860 
67323 45.319454 
725465 216.027557 
703986 176.859543 
22686 32.038695 
636444 159.923128 
824026 215.504901 
890871 359.748244 
91660 90.393308 
349062 110.429532 
969104 158.548990 
350848 122.077589 
298041 50.180862 
233821 112.100107 
225998 164.385053 
42439 90.408839 
428657 194.738380 
198321 127.943936 
551481 224.671439 
535148 196.356590 
610419 277.044039 
557758 222.889995 
962454 219.603590 
50751 45.194402 
391224 74.056085 
753661 180.799052 
602801 102.742931 
981230 257.747235 
157283 66.602024 
121839 52.353893 
567020 143.650637 
769567 186.185624 
707698 122.095532 
