215491 96.981143 
437085 133.627541 
574581 211.859867 
233009 141.629537 
36045 31.387840 
895343 202.015128 
279674 124.208715 
61456 54.450958 
808129 221.536104 
332907 135.606075 
247725 125.019141 
356708 107.473872 
257650 115.624181 
181133 99.022407 
269227 129.123721 
159315 102.698977 
297418 81.431436 
362209 204.282572 
225944 79.815201 
56821 71.791597 
662001 167.144113 
317389 103.123119 
922915 186.008938 
28554 49.184059 
809091 216.951467 
658135 151.182951 
925829 328.670980 
543522 244.759699 
776349 194.276495 
749851 307.888393 
128086 126.554689 
954318 223.107719 
624743 145.828900 
717929 269.932913 
204168 128.274697 
461774 122.059681 
278622 165.443381 
727345 156.301504 
156067 62.053662 
794318 138.458273 
912544 280.206227 
886783 208.702265 
800908 304.171678 
55037 46.101323 
205672 171.060032 
260773 131.931388 
397208 151.753472 
500031 81.406875 
303051 125.749400 
444081 119.113029 
378575 157.443863 
141114 75.916366 
153951 78.894901 
848824 231.863710 
388915 115.670162 
999791 236.929886 
34131 42.810294 
128967 85.911031 
410458 126.257899 
75631 93.134987 
128913 53.715813 
242767 93.018420 
461821 138.596992 
46538 42.013816 
939364 207.441712 
506822 170.137011 
879107 215.410072 
532098 198.158638 
268653 141.193555 
577718 203.172975 
968982 190.783825 
986100 168.937108 
926133 315.927402 
529030 148.372372 
950542 141.370000 
691283 143.502147 
276772 111.121146 
98856 60.769243 
396897 211.323904 
186772 106.818698 
639434 152.756707 
90396 40.959883 
157405 79.563764 
821387 200.553868 
323450 100.444507 
945261 192.394674 
796000 209.485248 
32753 32.848893 
615917 236.158947 
368216 139.580030 
671776 165.056894 
107550 60.949827 
697426 233.476582 
285733 138.670510 
946759 158.477966 
958190 263.132199 
260781 161.763226 
18876 26.951415 
298265 115.284839 
930740 251.805633 
588840 211.381555 
800336 145.455333 
974631 222.569719 
38805 58.392665 
982260 203.745652 
817019 174.482762 
117146 94.781020 
154993 72.808995 
134293 46.416267 
825024 228.838398 
841642 222.917782 
776254 216.070130 
292874 181.193577 
279869 101.950629 
299617 132.407372 
50613 64.219785 
573079 199.162469 
84665 55.075062 
292997 122.281727 
904124 184.933376 
301974 143.380372 
586034 189.929495 
903687 187.671422 
995566 179.491312 
341560 115.494697 
40414 62.426671 
637754 130.988293 
107467 69.853673 
678476 175.066802 
168234 108.874108 
985355 301.489478 
850631 149.038050 
371375 149.629475 
35174 48.807663 
56857 48.872553 
780917 212.414283 
298867 150.151758 
524239 148.485456 
460116 184.423997 
486506 196.439254 
534917 140.711950 
880684 193.927200 
824698 136.541958 
937642 193.530551 
554440 111.582822 
15199 30.993426 
824458 181.927551 
611738 212.610944 
950225 110.404520 
35126 25.124436 
690369 167.273771 
439393 186.177972 
72461 44.668218 
583180 166.111581 
512988 142.840831 
235174 93.035250 
501540 175.644264 
825172 262.827924 
904571 261.682098 
951507 325.475881 
23404 31.551913 
998331 172.379634 
836021 193.275291 
463985 130.835584 
293225 140.380245 
597287 207.813728 
565483 172.966519 
41938 31.146466 
300298 82.794465 
96946 90.849357 
220609 90.329550 
434925 138.352088 
519880 115.505879 
187064 79.636237 
585953 216.465047 
708301 239.634686 
701144 249.893104 
40235 35.975737 
584096 270.081134 
332329 127.152368 
113579 129.608847 
63291 43.459954 
529852 177.931191 
549442 189.509597 
187586 101.691520 
310222 153.354452 
907905 220.203325 
311769 106.384103 
15919 54.022870 
834423 216.502588 
284925 143.738636 
144728 116.212121 
188383 67.282264 
200798 120.694261 
473808 141.825590 
162081 91.292555 
150091 58.412113 
524882 263.743035 
219011 87.705217 
808296 185.352050 
425521 97.258107 
366895 136.104975 
959927 224.666454 
255165 145.588067 
337850 105.986334 
400994 167.908190 
737877 179.171065 
866677 134.143829 
483250 177.017624 
46013 50.747847 
537225 163.074846 
875370 247.518594 
349240 269.012049 
695688 162.726551 
977898 133.205866 
985795 253.914771 
409353 144.916808 
554296 247.081923 
498242 139.966117 
187434 108.122172 
814362 125.407518 
415298 175.488720 
384161 166.453192 
522531 243.286137 
431511 160.938918 
514422 158.204637 
696248 275.145631 
725964 193.474793 
524870 131.382765 
856109 182.472781 
952845 292.234422 
915137 243.751787 
255486 97.311280 
740013 274.340700 
470604 146.779201 
377955 137.995348 
607600 164.392002 
210415 84.573112 
389800 154.809531 
648249 239.594752 
260611 112.205281 
547005 184.282672 
528730 164.960115 
497935 187.743207 
175520 119.138866 
709017 159.704043 
851029 160.717980 
149662 88.748208 
559349 193.762029 
645759 100.861144 
445018 165.971717 
817489 122.031581 
521066 124.398910 
218037 121.265754 
187639 76.549567 
619818 206.776072 
478126 139.379513 
545045 174.165815 
85845 59.630971 
38817 56.825492 
339203 172.722506 
501062 147.609109 
378139 179.847727 
687110 119.011062 
731577 145.680346 
849032 269.935018 
436870 152.535904 
406353 95.667251 
690292 182.040852 
833797 247.427138 
684895 174.691036 
441676 119.412335 
420120 186.318594 
392313 193.730079 
736520 222.924260 
528050 156.402709 
138673 92.737653 
759877 185.716523 
308861 162.944754 
92550 64.174489 
445678 209.932155 
230143 143.367413 
118946 87.856327 
694420 150.874292 
18717 39.198763 
401146 174.299476 
86475 95.438953 
130090 74.151167 
411485 183.016917 
425978 140.099899 
112492 54.622754 
492332 152.319602 
236618 102.369944 
714678 139.101258 
366591 100.919810 
66568 58.773892 
581317 167.543574 
586363 199.980727 
516911 148.299888 
283806 115.659937 
593120 167.667364 
334069 111.075139 
19587 28.130256 
455313 136.467156 
375557 193.881602 
321095 160.377562 
86734 81.646260 
602890 212.195623 
855625 250.072191 
542765 154.550757 
849990 191.040651 
707117 182.078814 
982673 151.845662 
656591 245.703648 
529125 131.977573 
221903 159.445960 
295112 87.422196 
254450 135.032049 
582667 152.668703 
132254 57.157588 
763304 202.424837 
540977 124.414798 
398153 142.600629 
43561 46.432475 
925519 222.398814 
941171 216.038692 
915714 256.264665 
997983 221.855310 
615774 219.408771 
12236 24.321835 
415672 134.575454 
588241 188.086064 
110541 66.426140 
160322 100.261000 
884348 128.143463 
304517 122.818488 
284509 116.565616 
901141 151.734832 
695684 238.589651 
390198 144.878179 
851736 211.206012 
816727 344.413895 
218818 116.145523 
667521 217.234052 
436613 169.254868 
376946 133.939359 
503695 147.247390 
449039 105.607895 
300153 113.605072 
346741 151.196140 
705331 257.331726 
562852 118.616652 
774950 175.886442 
122354 64.878633 
293146 234.060397 
437368 195.955824 
545004 233.659309 
674651 184.433941 
588093 113.069520 
502458 126.706127 
137045 119.668983 
344555 173.125758 
252648 115.581648 
744752 267.025702 
964217 145.480552 
758062 287.710936 
709607 223.836190 
449440 160.818736 
624044 149.748558 
773174 171.476457 
523179 164.020216 
800649 228.635221 
121293 93.880889 
202833 147.233250 
783929 198.497094 
21757 23.398314 
949763 260.661768 
538441 117.298472 
864189 253.409935 
55893 87.118369 
593219 199.565560 
880082 234.949809 
502463 134.870705 
415327 113.514412 
395864 157.333399 
879694 181.031389 
680649 152.136350 
449735 216.012468 
945139 235.715389 
355286 102.718493 
503354 216.832621 
94375 53.084379 
303347 87.321489 
151523 97.817348 
423311 176.724519 
699540 122.350242 
576547 120.715323 
88232 76.892677 
387875 100.040164 
634021 207.179165 
694900 143.459349 
304755 102.134323 
768578 256.000020 
814775 127.886455 
519003 204.072830 
547338 119.686696 
541968 160.744890 
999485 245.994660 
861793 329.556203 
773554 205.459069 
769868 203.717156 
631976 302.794540 
888498 137.792698 
278370 115.854592 
247288 64.185776 
934504 223.285317 
125361 69.140325 
862039 173.194514 
918501 133.667625 
343480 94.511964 
161440 91.485899 
316457 104.923714 
257729 160.735683 
603873 107.535480 
422477 216.172306 
587852 227.962296 
400662 192.263224 
925176 155.909893 
747448 166.706479 
727698 131.462838 
823515 206.196960 
316427 82.649557 
278388 87.183522 
536111 237.209428 
278255 97.790745 
253842 132.533906 
86911 95.335432 
847841 288.458700 
861443 310.572364 
62192 30.821446 
839419 221.618708 
835580 452.438749 
223471 114.923847 
759555 230.786674 
953660 199.935444 
518406 121.860164 
123981 78.541768 
932839 186.717223 
462661 204.943070 
887002 163.999892 
904194 223.591760 
986285 254.100464 
765066 115.700254 
899921 218.407022 
892405 262.742111 
422718 124.778837 
546090 171.851520 
977621 240.238865 
284511 134.477071 
274726 97.320389 
796025 291.466001 
760727 281.571431 
193402 76.721667 
734404 119.691267 
126846 89.422704 
509722 124.471925 
242466 133.111657 
220460 114.227531 
172512 76.559319 
559659 152.252773 
385069 186.118785 
706064 171.866407 
228054 103.709922 
290437 159.811161 
779874 142.821361 
853275 234.023688 
915757 211.508392 
812482 144.689446 
540208 207.081314 
540058 187.067021 
243223 83.808548 
546933 124.270322 
827867 165.910931 
790006 227.805093 
83412 60.530869 
88407 56.497279 
891958 206.104477 
233986 110.881732 
526470 208.257833 
39323 45.981937 
119044 76.984350 
815196 202.276064 
482897 121.411702 
844480 166.919186 
479051 109.364480 
750438 134.407060 
968596 261.075942 
11415 20.282240 
358260 185.384173 
713381 144.185909 
111784 65.894728 
901449 291.274393 
65171 69.275950 
145810 74.753486 
731171 167.884447 
292813 107.765810 
335137 175.778885 
404254 104.765389 
34685 37.332544 
566797 109.744165 
629965 206.591324 
405495 170.052480 
438378 128.521229 
803426 181.060719 
745877 239.664511 
125411 93.749028 
961167 196.257367 
176612 79.371595 
632881 172.323634 
966503 216.607732 
596520 167.128245 
671789 171.762073 
818798 252.520333 
22217 49.636533 
233312 102.149179 
288829 165.390715 
821529 158.589347 
247745 144.294851 
501854 160.736155 
249951 165.364299 
751337 215.849147 
913960 224.787947 
354937 151.355792 
186797 84.503488 
717760 168.111141 
697434 136.417045 
377504 129.529745 
656735 124.220724 
542695 116.639104 
540819 123.441595 
20252 40.331248 
385749 127.236709 
602743 112.491430 
40870 41.895247 
193819 81.339883 
811134 305.828248 
263630 128.667259 
73527 50.710614 
685388 222.507709 
697582 204.680828 
500776 75.306855 
707415 167.018107 
652855 197.753706 
182800 96.189994 
480990 144.472421 
626264 152.195446 
335434 88.366041 
423285 210.055577 
393775 230.181940 
277492 126.868647 
94950 74.344922 
538628 181.346004 
170028 157.085632 
216741 123.769119 
258233 95.905000 
633727 217.005830 
233344 88.953862 
985629 207.072478 
873683 256.001127 
626991 181.196852 
882957 139.761768 
906057 133.634071 
905245 237.145494 
985168 206.961036 
481282 113.998843 
582220 241.583530 
935509 201.758364 
847584 168.236583 
466065 100.061449 
434706 173.364172 
142519 121.163368 
732899 137.174151 
550143 214.427718 
604747 154.803970 
62655 71.679710 
877540 199.616663 
854138 154.307464 
443951 264.052311 
130586 69.867481 
408393 151.147377 
878260 253.975663 
655638 166.706325 
275872 70.732111 
84392 101.138814 
306217 99.577645 
345726 97.805502 
115037 74.312515 
865075 145.133502 
451352 152.391369 
376880 104.360937 
172412 162.730265 
701752 134.627490 
921295 165.953373 
23682 53.187060 
59663 63.374013 
940834 262.227145 
298888 138.227105 
151206 91.826874 
915165 178.916366 
206950 88.788418 
796934 192.021269 
970049 163.441750 
685372 115.807167 
153372 51.961137 
354650 118.547604 
743365 167.061595 
322305 185.685104 
64638 46.525301 
547693 146.027795 
35213 41.612955 
906483 184.931441 
136768 88.637263 
70357 58.643501 
377397 117.042727 
512547 181.370016 
875770 169.471878 
992077 213.051838 
198107 69.613603 
904858 293.796028 
526520 130.271175 
678018 224.263843 
633949 185.351034 
16397 26.411574 
375337 135.330564 
100973 98.496127 
953463 345.789207 
954169 183.298305 
933510 250.183568 
650114 134.945042 
282306 100.126976 
255533 87.933446 
492147 210.606933 
335806 120.837227 
703739 205.371829 
920726 358.389051 
494757 176.164460 
756404 144.006510 
66896 40.895273 
42617 33.559949 
237616 117.254009 
316152 166.840036 
919426 136.973414 
836562 228.399312 
789712 272.891026 
885898 178.070169 
999857 187.309792 
562757 180.389768 
27852 44.518766 
554096 124.512299 
56264 43.550046 
559582 132.549542 
569547 216.179264 
777563 199.664964 
482270 191.619304 
679222 181.127879 
714708 138.007511 
864732 248.879575 
582469 127.473363 
327026 190.953481 
85238 50.282758 
737485 190.149475 
797319 138.757927 
420282 142.818474 
508500 112.644339 
861526 162.997814 
795730 169.372527 
786937 166.944665 
788704 177.782242 
343623 79.455489 
459480 120.187104 
698781 194.212255 
249382 78.456021 
391339 148.037682 
35377 39.302286 
421647 203.195251 
514470 224.141574 
259588 95.806973 
747823 231.482214 
863724 190.408198 
51677 45.493742 
53855 58.322101 
630150 144.728221 
775186 177.139760 
654475 173.123479 
271551 90.546967 
485618 165.580797 
199830 85.848038 
591549 275.264463 
477495 147.551787 
192761 78.608502 
898135 287.330473 
155907 150.628102 
118303 46.017921 
744157 292.937695 
656137 155.334753 
886992 237.041762 
433102 173.413307 
703804 237.487097 
664367 137.261011 
327608 180.785297 
268226 96.692731 
966820 400.492221 
946554 307.963032 
604791 232.921994 
748696 149.853899 
481474 217.838930 
322135 124.639564 
54718 35.403588 
196762 142.544589 
857813 215.662702 
77277 79.142031 
818144 288.223341 
543976 190.072874 
455469 137.483998 
999667 396.163034 
965595 294.412550 
395904 102.177866 
605152 151.843353 
127012 64.349601 
397371 147.830668 
393159 108.198855 
795382 235.784835 
831252 166.464216 
423002 126.203819 
465225 148.300755 
841518 225.421135 
502402 136.674533 
364568 108.148302 
574825 239.961647 
96058 66.363375 
313423 193.500362 
100089 81.745857 
322387 156.029420 
119283 78.752987 
272122 121.372364 
697875 257.012739 
41875 43.400553 
995550 275.878019 
566923 143.408519 
648142 129.832683 
299013 65.394314 
750881 277.229044 
389841 150.650857 
300537 174.598898 
180906 154.020941 
553883 175.459467 
916099 155.502134 
879685 161.870437 
720476 209.906127 
359939 127.178085 
487999 129.651380 
399792 162.279017 
250843 123.540689 
236975 71.020182 
619274 148.853125 
618843 208.375279 
85112 57.435627 
251423 122.437279 
87221 70.227962 
359897 118.444470 
462512 122.100751 
957720 225.858724 
701813 250.772181 
568188 217.758216 
715218 280.068935 
937679 248.428255 
133387 56.084911 
513129 128.710425 
913432 310.062927 
680476 248.763083 
28223 32.494995 
659916 251.013514 
663521 172.210670 
749528 176.839113 
469691 161.496866 
932406 307.737995 
537300 170.948295 
442672 214.907575 
533822 141.027867 
407893 108.739243 
739576 307.997405 
435333 127.442926 
399342 124.494063 
813481 197.349716 
445026 117.316012 
343827 102.434120 
548107 135.326726 
548317 167.651295 
297058 143.754130 
610926 247.946937 
225042 84.300877 
929037 337.700726 
439157 79.807856 
306600 133.434651 
959082 226.395829 
328851 147.071057 
678681 232.660432 
494420 94.567053 
556187 160.996235 
162286 95.543605 
759370 281.312659 
341663 191.402243 
69345 52.341959 
15357 24.207614 
979045 213.816878 
304192 96.791026 
30017 44.876250 
326730 182.537533 
398495 112.990086 
13689 27.826186 
170285 106.529048 
475386 105.093083 
60070 63.376240 
166449 93.023819 
690384 146.606388 
506471 238.589577 
454396 171.020674 
851179 186.634313 
717798 244.727751 
327937 134.052877 
189054 98.740793 
889342 281.608202 
775580 249.147890 
241984 91.053817 
724180 217.241630 
762498 181.372594 
507046 201.877678 
588403 223.876395 
576683 139.372317 
702152 160.985605 
407336 131.974074 
291295 167.063198 
886431 160.557827 
97774 70.144151 
857648 213.261390 
143355 113.932211 
490906 165.490305 
796845 282.647752 
376923 154.625856 
354678 143.181339 
331884 115.729894 
83988 43.885923 
529735 227.283643 
920466 222.275701 
330288 145.790923 
266359 109.204847 
37070 37.336400 
805895 164.486000 
850593 186.347557 
679844 159.687956 
786531 242.403195 
824494 188.649267 
976016 251.429249 
379988 127.179792 
814630 173.701625 
401418 107.379621 
252494 96.408258 
607839 175.898945 
235872 112.442529 
449476 131.658270 
253461 88.285256 
167753 86.356729 
590242 99.967076 
399643 118.313845 
764566 173.125119 
100176 89.223957 
319466 146.482041 
523477 118.526364 
70788 74.709184 
265140 93.726853 
736880 307.453688 
554016 123.224257 
229247 130.379524 
770454 270.681706 
773551 306.130218 
187041 107.411169 
424361 133.209203 
742417 171.905267 
977121 226.368116 
481261 135.597218 
576475 210.905258 
133661 64.929423 
96760 42.571341 
762902 167.998526 
275671 140.988237 
639410 291.211883 
857945 152.850555 
88475 66.783274 
970396 177.226416 
466414 145.032517 
498432 170.595874 
757535 270.197585 
264295 157.721030 
183994 88.236824 
474635 168.597457 
515485 213.825677 
974972 158.153400 
628468 241.157816 
497797 127.922504 
940733 283.533308 
958376 169.514477 
875106 267.378608 
33320 45.484850 
413395 167.941781 
489167 132.111219 
620021 279.474552 
373111 180.261717 
573465 161.769306 
701391 206.831020 
703105 179.613982 
760911 148.956855 
818038 179.579255 
688287 307.310566 
208959 73.078216 
721356 213.592294 
217693 145.653815 
74414 69.575123 
926464 193.449015 
788711 229.712368 
543069 137.578652 
749461 190.538934 
701504 189.101014 
20480 34.813679 
721882 279.502089 
397204 182.119836 
413329 153.964275 
664420 145.803385 
510776 125.294611 
321087 180.593765 
55128 51.361545 
998328 367.298928 
181418 80.139626 
456308 121.581592 
150418 98.712699 
15340 20.985053 
969672 222.753824 
571099 217.522857 
442440 102.684525 
935010 277.541453 
576822 165.384594 
613846 217.656165 
235909 131.791021 
923926 272.395345 
261587 127.093800 
144663 110.695697 
54592 52.174921 
594417 159.438368 
808123 156.960327 
12843 32.022486 
17414 35.054372 
482716 114.809685 
825535 124.646385 
48245 54.282979 
577842 115.809407 
55035 45.260824 
84046 38.750455 
96808 54.851610 
643268 208.654302 
114692 79.526091 
115162 89.751251 
638470 166.078516 
893178 274.282388 
171471 86.820904 
509101 158.903808 
676833 216.792911 
339177 170.256617 
410903 101.326919 
49117 61.050067 
394871 246.393246 
567116 239.187892 
553048 266.299208 
568337 157.241830 
582477 103.471481 
98797 59.975208 
191273 82.828411 
598337 206.417382 
94089 57.158883 
58390 68.564689 
22976 40.417215 
660225 166.873043 
51026 46.985925 
511921 123.024267 
641635 279.186905 
821997 222.481065 
416147 125.920581 
273050 88.388840 
375705 212.943139 
460821 139.903365 
825994 149.744163 
73418 82.608703 
88349 63.080621 
952031 320.092690 
321856 155.334451 
164390 76.143896 
244154 107.662087 
784765 166.537206 
209259 146.814624 
398651 121.830449 
614184 274.001935 
847026 279.101587 
314864 110.594019 
431314 108.606904 
275390 123.838937 
31283 30.875553 
484655 168.199516 
615875 155.254454 
228394 160.728808 
931475 197.157503 
845714 246.112062 
863911 168.330163 
321890 95.202509 
858716 194.286175 
27086 39.733303 
450536 179.044018 
450985 165.256254 
952186 201.940620 
234525 130.528063 
35068 40.363900 
881688 196.902300 
735164 158.585959 
849801 197.979922 
494008 103.415370 
856974 193.407135 
910451 262.384720 
553500 202.148634 
153361 76.227203 
414671 200.039827 
975411 234.800165 
605337 193.659264 
409269 234.162706 
257367 87.746153 
955063 268.330147 
48037 67.329013 
872009 150.863561 
441679 174.931294 
508060 188.116066 
146335 82.268898 
327598 141.124787 
405340 104.711763 
145572 61.270408 
953250 241.012031 
402599 155.944293 
55267 32.940023 
740665 301.923586 
108909 47.658101 
280354 127.944342 
194042 65.539294 
443304 137.016853 
273235 99.991332 
620331 240.242296 
524017 196.692889 
962107 260.690997 
164885 114.650347 
340129 117.327181 
126977 48.291451 
667346 162.073778 
397130 125.478578 
29169 45.628055 
42949 66.293486 
344154 84.520417 
357449 93.787902 
70606 46.813954 
366820 130.011350 
927978 160.629455 
131787 73.981811 
922574 152.530860 
218070 135.511500 
939595 240.354994 
107973 54.574869 
82569 77.551948 
170999 97.186888 
400300 148.655331 
207348 101.024512 
393109 144.276638 
724317 242.779665 
383229 143.025214 
372958 127.546770 
492118 191.885580 
12325 36.062983 
995919 175.775399 
10011 23.426802 
252862 89.946028 
738415 182.738671 
952349 273.812199 
956518 180.916992 
471267 116.712296 
461975 156.786655 
351091 122.602803 
12794 37.050528 
686653 203.482494 
203958 131.391409 
149103 77.107661 
421489 123.850668 
222182 68.905250 
794455 173.270366 
960930 158.550885 
24308 27.101650 
915187 198.632853 
166684 59.777712 
372734 107.874360 
302052 86.406622 
966120 248.842156 
795615 156.325119 
385430 144.255928 
270006 111.215261 
982495 200.778333 
256431 127.053816 
583737 154.570969 
113604 64.897516 
769412 190.596488 
221324 67.996935 
19250 20.534420 
417534 117.877554 
66341 47.317853 
199269 96.883644 
470815 228.069555 
242520 110.451335 
875215 282.760872 
823574 213.940698 
176150 191.983084 
153487 110.188548 
951598 290.391559 
923767 265.945680 
206932 83.656592 
224616 98.821203 
757458 141.324270 
616702 160.371248 
225622 59.976211 
840520 211.562662 
66724 52.148212 
874238 205.129596 
19586 34.697548 
383356 118.476276 
53120 51.542708 
292600 85.816665 
958250 139.149707 
186613 91.180912 
318935 124.674865 
896549 170.198371 
887304 268.993597 
865610 197.152408 
492405 167.448260 
56056 44.748345 
505095 137.436969 
249523 125.292589 
518442 125.685557 
694739 173.959090 
98703 43.636792 
295988 105.764709 
199372 89.705075 
385171 153.223493 
246238 178.933068 
871852 160.917479 
735464 213.047775 
874074 243.792415 
992203 284.119360 
899133 291.530800 
496758 134.157438 
385346 157.292813 
68765 69.349881 
556131 205.993914 
901286 178.468218 
165398 100.730278 
316286 107.800900 
831803 277.725790 
424626 95.808372 
480099 127.366713 
653224 94.981403 
645234 200.644109 
997724 182.433224 
476429 168.298600 
755647 205.510810 
999355 261.808221 
78509 57.459596 
15397 37.400700 
859413 150.799267 
167656 58.067424 
993437 181.382840 
814349 278.977301 
446474 126.959023 
587562 105.141730 
713694 191.349422 
532700 121.525900 
856974 268.003076 
683544 161.625111 
298611 174.396137 
841333 229.494750 
608415 142.958390 
530167 223.661361 
950323 225.492498 
128571 95.411556 
431112 84.786918 
431526 108.245329 
449604 154.113296 
527236 203.333541 
335774 111.269624 
348664 135.834343 
214079 68.875539 
420539 151.345670 
992362 213.747924 
766560 153.150779 
984265 267.528733 
109894 69.966282 
687467 134.781138 
368842 127.868669 
172837 83.145696 
120197 69.729453 
474812 117.835118 
121036 68.388680 
337939 207.587321 
327873 173.808137 
781573 248.337500 
225950 90.167165 
874391 173.315708 
134357 92.503140 
703932 241.017788 
914413 199.185219 
271672 85.777230 
101445 55.843736 
288823 84.107920 
362668 93.292883 
632160 153.421062 
500598 196.513406 
918562 355.799311 
175168 73.039983 
158804 91.673247 
295524 92.581778 
504732 106.319865 
616445 117.203520 
896285 229.337337 
672759 149.425598 
731691 305.684000 
487862 181.485777 
446075 147.258920 
728976 307.968432 
183959 101.379701 
323487 108.490122 
504574 122.348780 
998909 199.043594 
922636 226.446326 
985864 149.153962 
381237 98.469418 
62117 70.745186 
186291 111.489740 
709873 139.967319 
577446 130.197884 
391930 100.010201 
811884 328.523530 
41516 35.837584 
107943 90.542912 
105198 96.756173 
430388 140.884063 
214914 104.244658 
899537 252.994008 
286566 88.350807 
252322 175.207243 
761840 195.232665 
374547 143.146243 
856662 167.985183 
498228 167.539747 
800583 152.751075 
65024 55.742926 
877457 154.788459 
777757 267.841704 
616916 176.661644 
630268 142.433873 
218240 112.774606 
696302 177.311087 
39784 45.158837 
956047 238.751725 
158429 117.772824 
345593 97.286911 
716364 168.599678 
113406 66.633720 
855872 141.140069 
725224 257.829368 
744049 177.864883 
528870 172.429467 
618070 189.508612 
913504 122.413674 
28318 36.945645 
805383 175.817153 
688629 167.828850 
37855 46.866235 
590451 258.007447 
556624 187.963491 
971703 325.253275 
728919 205.998831 
488642 141.921187 
254268 158.799098 
862510 195.489890 
612145 184.971275 
67767 75.525270 
143983 65.461552 
95810 57.487436 
834940 259.394324 
98742 65.129013 
678466 171.982778 
847375 166.370095 
828734 194.060104 
959493 292.065940 
301340 106.443591 
581604 256.239662 
790737 160.881092 
114257 92.658789 
632619 228.225094 
664091 171.284082 
895343 211.155620 
393658 174.864843 
491382 227.196260 
569554 201.213418 
892373 188.437675 
664247 128.655114 
359651 118.372867 
757898 240.604015 
197099 97.752701 
327970 219.935621 
398742 143.975950 
88932 69.379384 
566317 223.268730 
157912 95.686155 
50303 42.585331 
813971 195.696879 
155974 83.182391 
244333 72.322780 
540159 131.767845 
84214 48.658790 
946602 134.377743 
39944 55.405359 
472245 149.312362 
927043 239.121967 
565090 181.694827 
640621 172.658811 
792499 163.713854 
611400 156.155231 
880245 324.888689 
966962 273.049074 
121808 97.426715 
825087 191.678457 
509743 267.290624 
932102 175.587288 
715270 166.033541 
764163 179.980269 
195517 90.292455 
494058 132.703819 
317261 129.637203 
277319 159.159425 
705603 161.283045 
438525 144.659885 
588311 163.379389 
833423 153.280611 
882967 264.617437 
972786 155.070499 
759809 175.524649 
315747 141.498646 
724300 200.861698 
562593 198.173701 
963344 219.244345 
261931 72.314492 
58933 48.671228 
792017 162.467243 
402876 135.116156 
32523 28.649298 
922827 239.671863 
757318 171.708639 
567083 154.320414 
160635 140.568133 
330135 185.632600 
54478 32.878422 
904879 122.158417 
28851 56.993913 
527055 187.816496 
805124 353.839884 
254262 125.352481 
129337 88.079209 
480149 129.274338 
884886 288.465870 
274347 119.692388 
939343 176.173790 
938203 184.919661 
170910 107.621393 
410956 117.370490 
298882 127.671716 
858795 297.241025 
80649 78.570224 
356418 110.400757 
706035 173.464861 
89092 69.085711 
125274 55.164267 
398288 105.288767 
623731 154.974145 
244957 186.773327 
800156 225.013372 
848590 201.545748 
400436 149.696808 
934455 226.711669 
268032 134.045376 
455782 139.299048 
71515 50.757176 
80428 58.867221 
800680 172.397428 
797328 176.685139 
382385 97.600993 
213457 130.903719 
233522 107.083512 
698186 233.517093 
179652 97.802937 
641706 178.063377 
639350 160.169247 
53675 71.410074 
722709 238.405225 
909722 255.255762 
283443 126.026895 
441701 150.517998 
915722 204.609882 
133090 89.572315 
717858 165.240763 
126020 97.329143 
735236 255.432020 
545057 185.226963 
151006 74.004608 
940288 203.705564 
516865 139.347708 
431028 112.777050 
450278 141.899554 
249534 140.296131 
352811 194.128761 
75426 41.424466 
258962 154.868071 
281560 134.221155 
235724 80.288548 
934010 186.323653 
775096 187.195524 
717702 222.044331 
725947 166.461519 
813035 174.505362 
35199 26.097383 
905171 216.085965 
98751 56.141361 
54396 47.869849 
889362 189.040654 
483856 117.926478 
276160 78.456037 
393300 150.542522 
68629 77.375911 
597627 256.524434 
207497 78.812620 
343820 111.798680 
554514 210.445429 
898725 198.222041 
778140 153.612214 
407251 142.608692 
115229 75.320661 
624441 222.232031 
658781 156.941368 
119556 44.531215 
360498 100.819371 
773695 174.361332 
125341 48.397513 
462041 201.932116 
330995 185.234009 
648847 209.715688 
538125 216.026177 
339447 170.120254 
862462 231.704454 
90842 58.551590 
171650 78.646791 
288491 117.522074 
166719 82.943974 
958578 239.272621 
287508 107.460242 
42816 45.443347 
999301 256.376345 
795336 230.354195 
107619 70.700985 
145318 63.712421 
439035 178.881831 
220033 107.650925 
894290 221.139175 
662663 132.288277 
742765 384.900344 
851226 180.760836 
801193 278.843975 
384826 117.356710 
935296 323.830212 
382468 103.539782 
406818 191.074761 
708504 136.073719 
306561 154.863335 
978177 251.534619 
981175 221.586873 
406863 122.203689 
269627 109.143041 
213281 171.033164 
230407 107.583871 
348095 145.803987 
184186 91.954082 
545566 190.108694 
67836 60.444664 
661252 167.296400 
44174 65.942733 
779838 201.222899 
768564 150.493393 
50259 52.468920 
215630 110.874123 
504669 179.291307 
20269 37.937206 
968072 184.885430 
475532 270.007807 
983617 177.560440 
440248 159.332600 
59468 72.189150 
970896 333.805080 
743089 201.680425 
984283 285.833173 
48406 35.826436 
746639 167.608638 
251821 170.933068 
235968 116.062713 
535388 168.772619 
335665 110.960999 
174072 77.792511 
400589 197.339547 
299645 157.935295 
342779 138.384475 
198635 61.283393 
555989 183.509689 
690205 253.166317 
723686 181.966272 
822602 208.912011 
864881 191.259595 
389577 134.976718 
400410 89.840764 
846643 240.803690 
762695 197.774946 
279391 119.967155 
195532 87.072703 
824614 184.067526 
574280 130.870412 
512492 145.764644 
734563 164.866502 
192604 125.261535 
284456 133.909305 
233182 137.130927 
294796 99.718407 
909206 199.922975 
911440 166.238943 
340828 176.179116 
612204 171.487639 
443424 96.214476 
626067 92.377716 
24769 26.817805 
999072 314.467358 
816688 192.601541 
954087 273.693202 
889407 171.597171 
82884 80.752895 
669442 236.894523 
135397 60.334339 
786269 182.086954 
249998 80.248519 
783118 198.853204 
956396 166.914961 
507349 193.903058 
849183 181.257813 
772217 222.892683 
235747 93.696888 
116516 67.509234 
938238 212.781445 
363463 120.005946 
16037 31.306290 
47283 46.667559 
38449 31.972234 
724280 192.482705 
427281 110.641173 
612453 162.836858 
404680 97.220596 
538253 115.208635 
133225 96.073767 
104996 95.871180 
300120 213.493340 
688423 126.684067 
33502 35.840108 
271217 171.671583 
443047 99.689391 
530793 161.147382 
13676 29.873676 
787114 156.480518 
137074 91.223885 
954979 249.213090 
728315 210.569592 
318407 121.814084 
786029 235.769187 
979985 261.670086 
988966 271.601914 
499689 214.408348 
628893 213.316212 
429704 147.079498 
820154 226.379191 
611755 228.328812 
669726 210.242705 
316386 153.684637 
462417 132.308408 
113871 108.546235 
266444 105.990967 
915750 155.862978 
889795 185.420996 
772501 166.937446 
951857 130.927285 
791658 249.549819 
36631 50.330353 
375457 110.293879 
393245 132.071040 
284441 174.842958 
209566 123.262965 
187022 118.816869 
479358 156.886678 
897500 191.968384 
764145 230.920066 
504200 128.420454 
457836 122.584564 
825275 239.555494 
431843 213.005999 
687925 139.904026 
979904 188.750339 
182594 128.597215 
357039 115.749116 
427318 143.239587 
352118 154.880263 
117353 66.178327 
555154 190.203172 
659772 200.783590 
126496 88.732024 
619670 131.095452 
348085 86.584621 
134011 86.901905 
553728 175.604561 
547353 269.942330 
689028 206.502848 
562149 195.145586 
42758 42.857318 
447866 125.994978 
491626 102.682635 
620222 147.289869 
16566 21.355151 
447156 197.643142 
595340 165.714143 
579547 175.736134 
495926 184.958559 
505481 223.586945 
38496 49.446005 
588634 102.800845 
266812 109.051750 
601069 137.888871 
711996 159.490456 
615956 158.996854 
210623 82.774187 
925238 153.627547 
332093 164.968292 
679049 149.703476 
881450 214.571296 
573559 250.672389 
329656 125.102024 
232863 102.890858 
842614 147.345824 
827937 205.951406 
87311 79.658215 
738909 306.114160 
769857 268.572771 
69623 59.780048 
44750 35.738554 
301971 164.884849 
156499 102.727641 
543971 188.783618 
718698 170.878180 
957044 272.005740 
122014 66.546736 
495373 241.064006 
312585 107.707078 
335357 214.524570 
187849 62.649619 
112816 99.555117 
172907 107.842226 
685157 329.500086 
728091 194.607233 
12340 21.226395 
647523 172.526441 
33807 39.718997 
206923 75.412897 
811264 245.227818 
216880 90.387901 
50317 48.281147 
460406 98.911285 
617202 172.161604 
20562 43.477523 
711929 225.000265 
254947 84.927197 
698208 222.457565 
156675 62.672870 
846845 204.187322 
348436 88.537606 
16227 24.788919 
263897 156.546283 
379478 181.291327 
956410 273.982936 
905312 188.985119 
603978 144.542537 
96139 49.699022 
646507 167.022447 
331932 127.640659 
834426 272.359332 
300467 175.556548 
307812 96.261962 
800044 215.493256 
86631 86.009615 
982891 179.312465 
231681 118.405146 
220342 131.899927 
787832 187.733980 
299278 132.261621 
474892 165.276826 
883841 147.802429 
540940 161.552603 
142429 80.468263 
143527 80.385968 
973779 165.009084 
113066 63.796420 
740140 170.359096 
765193 197.267804 
533779 209.805932 
141457 92.325882 
75383 68.593181 
346639 121.081597 
107089 106.059242 
920849 252.939315 
414758 99.420675 
730116 159.669212 
531326 117.287225 
595509 168.042152 
829161 140.922931 
494829 149.676781 
401937 177.675280 
249253 134.841567 
344383 182.316609 
645032 181.416280 
484306 142.859463 
677837 110.056091 
416591 133.345942 
762669 174.159926 
826728 222.534865 
460999 178.570496 
992455 276.526118 
777432 447.906268 
894034 170.962619 
923790 207.401732 
444976 124.738133 
501358 92.018617 
86528 98.103225 
569797 198.986318 
48000 63.704091 
577676 238.323076 
776825 234.292872 
875737 157.334900 
993275 288.574216 
87433 74.063057 
820008 208.612339 
203651 67.903541 
204103 147.685088 
55479 40.233236 
348602 171.504025 
282855 111.571193 
240051 117.299072 
152295 65.872341 
271610 151.338602 
752639 243.234005 
890309 278.160152 
759015 157.014582 
632352 139.462619 
663354 203.925479 
795459 153.759343 
951882 202.277787 
875412 233.496333 
739806 230.573825 
264458 120.404080 
195610 117.487317 
104691 109.483954 
756570 181.127295 
716262 193.164998 
195521 141.490021 
944728 254.987094 
952380 254.500182 
258866 113.506030 
727236 216.247085 
68599 35.044413 
89122 60.450141 
609819 148.136657 
307251 95.691396 
143757 77.503575 
710273 141.797084 
519920 213.389044 
191146 68.477504 
428518 119.755414 
857104 138.820893 
523381 148.199202 
960973 211.682909 
119385 61.911895 
208258 120.073016 
439587 188.935897 
781125 175.670727 
512557 162.885277 
58372 63.812265 
903980 298.896701 
289463 135.739284 
912200 187.935303 
973810 277.932886 
724662 234.778056 
394543 115.760819 
709418 288.320286 
695557 153.599198 
102515 72.598309 
300883 125.856427 
241638 81.160747 
581197 184.790586 
858411 218.859853 
967906 319.530432 
931925 341.534283 
166623 114.178150 
147461 98.131870 
816507 210.459682 
692092 226.007765 
111095 53.551725 
839477 294.879336 
867886 250.077622 
77225 63.260800 
788886 213.063094 
145354 84.521225 
537445 121.303093 
287118 99.760886 
854530 219.649044 
328595 125.438672 
716000 177.568605 
160462 100.000813 
573066 182.747469 
47030 47.402876 
938667 167.299419 
112346 73.824975 
941447 292.550677 
903766 310.624959 
447677 163.474924 
492712 198.201685 
993149 194.951085 
207568 95.161960 
484285 162.834993 
534804 193.737923 
964293 211.390897 
796043 227.518186 
886982 250.482081 
991071 221.928002 
187094 88.822011 
322445 129.377861 
316997 93.085661 
731147 235.623897 
152787 110.254837 
421341 118.221694 
990738 137.751003 
555251 136.085316 
576336 192.341053 
804930 117.923776 
905639 215.471734 
632164 165.280415 
358344 170.800381 
386657 90.633704 
41539 43.904962 
20216 21.752677 
983289 230.130805 
537123 185.606860 
191356 156.294204 
624602 214.907356 
908069 139.819072 
90293 84.905293 
494030 178.771506 
779749 204.133400 
115357 76.253867 
134686 57.120732 
997405 206.527433 
530864 176.100383 
758745 204.633575 
143157 96.236860 
847232 144.728467 
727660 217.610778 
523639 174.940789 
845156 306.334370 
334846 109.337988 
962744 192.979432 
213832 71.927340 
334431 168.953145 
245259 118.154360 
273742 101.621959 
194977 95.884354 
552982 112.580047 
580277 204.070829 
564320 189.628816 
539749 173.390157 
91516 60.097802 
139421 52.953339 
483396 132.905667 
43355 37.359726 
490609 161.939061 
787179 219.052230 
571449 205.040741 
401590 150.745039 
823366 146.425629 
240751 92.355234 
272778 127.808123 
683683 183.432540 
828311 210.801775 
889370 236.163160 
383659 112.040372 
915180 213.203779 
136775 130.972580 
332694 120.057871 
675270 177.342769 
504952 154.333400 
350197 210.126000 
646365 217.630778 
542613 109.171894 
506122 116.667007 
254384 155.808951 
143436 80.649960 
771779 315.693001 
997601 272.018636 
536134 168.312384 
391761 149.996030 
652797 148.410731 
423879 122.138342 
958419 160.570167 
914839 186.734122 
885576 132.097533 
65317 46.885177 
312765 113.198138 
486192 208.533594 
313870 116.454390 
160351 97.284632 
76478 57.037271 
105487 108.631519 
503124 132.362167 
411882 163.935634 
395852 154.429401 
688834 172.040575 
272271 120.797762 
599450 170.784764 
204237 71.403443 
76259 61.644269 
803891 143.959987 
162166 60.811085 
243953 125.936228 
737726 226.916231 
783085 162.635365 
218613 93.950596 
630467 153.534615 
212878 134.582721 
799106 194.504540 
206079 86.997415 
841491 197.628634 
259379 93.885810 
134551 90.279927 
480148 121.069619 
183118 134.320458 
34146 35.563346 
285216 136.632363 
981211 224.879125 
488610 192.259014 
659565 177.656368 
721026 154.303225 
883551 172.813080 
558825 291.736423 
254691 188.424228 
776171 156.469648 
131566 109.116949 
622337 197.148868 
682808 195.192625 
480441 149.983212 
738642 165.817793 
311204 84.413616 
768777 226.320330 
188737 84.101630 
875433 230.116285 
10760 24.361259 
770985 131.786441 
37832 41.924390 
909954 198.647923 
153067 118.035362 
775681 189.344061 
221076 136.557271 
675951 250.738460 
925317 164.906267 
172587 113.068273 
58189 75.375560 
207084 77.533082 
996286 227.729170 
350473 140.095048 
941945 212.023351 
711353 240.695890 
586061 92.172566 
81040 68.979154 
496403 190.486297 
127753 60.334412 
464355 161.594588 
302783 115.096023 
795010 168.232686 
257240 132.962298 
996535 228.748980 
630665 211.476514 
319004 89.169367 
481636 116.200357 
571349 161.663882 
573915 130.655152 
254187 90.939433 
87233 44.480741 
390200 142.941226 
740788 208.773117 
795893 146.319182 
680061 155.421439 
326620 135.344908 
501129 168.931028 
343828 153.811907 
894764 157.667337 
192888 76.913810 
628691 156.768058 
352578 78.824354 
276595 118.070984 
374774 97.311198 
238798 143.979419 
934664 191.736478 
300193 135.918791 
104678 53.625801 
762633 176.594788 
715873 146.701755 
455102 84.440576 
123465 62.601164 
949939 293.923423 
750641 198.712288 
843164 200.312866 
149252 126.278693 
728729 165.828932 
336629 190.567592 
865798 222.402121 
332666 114.209930 
148906 107.457249 
55474 40.365229 
809194 197.877470 
218056 73.370294 
549740 239.223096 
771490 286.921768 
190684 104.453801 
287574 85.747785 
614578 223.267255 
97502 58.895480 
362959 204.830661 
362719 101.104509 
110538 51.447473 
207307 99.600280 
441492 98.634315 
99327 78.834263 
814550 216.196640 
10189 20.249799 
569411 189.638286 
251081 58.863042 
211667 154.136377 
901919 237.351523 
251020 127.996597 
58390 45.976690 
243763 113.769674 
644176 110.948613 
859814 300.332714 
765950 208.522151 
786995 207.401290 
489699 124.039047 
770875 197.845553 
487780 154.309178 
670578 282.850530 
609360 155.398733 
80019 79.529023 
429366 128.794297 
980219 269.329625 
814717 219.663337 
292783 112.122553 
499635 151.086421 
304171 95.902321 
898096 190.195746 
979785 207.257160 
852893 180.400256 
149773 51.393693 
69374 50.027552 
854965 288.007798 
211743 80.561851 
622476 214.326578 
275087 134.643267 
834826 191.652099 
758681 240.428666 
274937 136.310040 
795189 221.383415 
515767 152.445574 
843564 170.077851 
613021 203.584486 
130280 100.926327 
648904 172.850728 
748553 218.165330 
905018 252.835398 
952526 174.812065 
148250 58.781163 
848025 171.989209 
712342 147.917552 
376958 181.154698 
281620 157.389635 
75441 63.610282 
677129 187.833479 
700019 266.649405 
169986 84.348508 
13177 49.236861 
326246 100.004085 
433371 137.930425 
367125 163.149731 
757847 225.168483 
785508 238.487838 
970038 267.908104 
133426 73.722255 
18641 27.484635 
767413 204.689016 
263380 165.597302 
548722 207.508565 
367009 154.682143 
728123 135.048115 
254558 138.126710 
647933 122.910920 
161486 89.601788 
530440 178.350475 
377573 158.607520 
45006 37.641133 
365167 211.299733 
183687 123.773279 
63362 48.141956 
274805 114.928878 
65572 102.302849 
743687 174.818321 
528923 214.717020 
293615 124.082404 
196937 104.280985 
645275 173.962410 
888677 332.174438 
40949 46.957822 
158312 65.627561 
47409 51.276512 
639217 178.438225 
40782 44.460323 
564248 157.796843 
992145 215.958780 
344103 79.312937 
464537 149.278234 
483453 197.527746 
735271 215.160825 
235888 161.409912 
579808 121.532465 
948489 266.809702 
757437 201.272654 
250393 101.618118 
466788 144.227125 
882860 169.669558 
502945 148.284444 
748503 169.087652 
88183 75.758700 
113775 84.445224 
413931 144.414709 
434999 170.064353 
16318 20.565915 
701064 141.421840 
665643 311.807880 
87797 72.750409 
594500 273.524542 
374497 115.712870 
763716 219.846920 
370445 109.986449 
326484 84.858202 
280241 135.637406 
76914 63.081790 
393607 123.949984 
771047 196.102736 
339414 119.635827 
460370 186.493669 
890851 218.471031 
525004 150.783311 
520980 218.442424 
911639 401.638543 
133605 112.844572 
803234 184.027821 
787390 163.681709 
169737 109.628341 
649762 174.240162 
884804 291.562337 
46165 41.474038 
638155 223.292804 
847431 214.273769 
183077 150.364306 
254898 124.968659 
326966 117.012141 
809518 177.837650 
509302 128.446574 
304644 174.014850 
551662 187.749579 
605620 201.872186 
531900 124.407276 
923803 213.636252 
826012 172.889744 
23758 23.042101 
614237 215.201160 
962976 185.909188 
900225 271.387602 
835435 213.237523 
405833 121.648266 
612734 123.380125 
296273 97.347824 
974971 171.734231 
437586 113.231233 
95090 59.852526 
895185 180.630575 
169260 88.129410 
727839 152.618794 
219911 119.276088 
575893 149.315368 
570941 167.016546 
498213 214.607277 
454440 160.559703 
249047 97.825532 
861769 301.810666 
202529 66.867614 
792328 163.394405 
79436 70.854952 
43075 37.851718 
308105 114.112897 
872468 176.537199 
770001 311.529434 
201667 100.532005 
585137 139.789033 
944501 177.778168 
932751 207.971846 
621785 110.839191 
132116 81.602100 
293420 104.064888 
737707 250.772845 
615229 202.344474 
735199 230.657845 
509153 136.290919 
850340 146.199502 
306726 129.037067 
542193 150.270555 
658246 178.478897 
340667 164.161893 
848767 233.545532 
909412 264.851889 
776704 228.109148 
262186 102.949513 
326434 99.619741 
118465 70.990620 
654725 110.913117 
570890 129.243561 
741447 165.525854 
440995 196.305877 
578023 139.316655 
926313 242.966539 
106101 78.940006 
904601 187.298709 
889808 369.454929 
47696 37.360508 
896412 252.675759 
994253 221.427834 
69653 45.587754 
865812 173.814642 
975290 346.439221 
128469 82.931588 
132648 102.072839 
954050 216.330054 
664641 195.870365 
981629 205.042101 
141421 127.082755 
129107 56.272221 
77345 48.652757 
818101 159.546533 
324493 143.974228 
740183 238.982241 
189298 112.531499 
766581 222.917747 
648304 145.283753 
905173 217.487401 
107084 72.404143 
949023 333.878320 
958786 179.708252 
151834 107.609452 
692851 150.244882 
647895 172.475035 
795662 234.804109 
651334 182.379735 
13089 18.889240 
453793 149.148915 
859264 195.766376 
523394 196.765410 
127797 85.901455 
27796 29.592328 
467027 195.342680 
384843 156.258536 
989052 281.174892 
105139 113.891061 
310634 113.360978 
37297 39.667520 
254356 102.491480 
684395 189.581640 
515714 104.072815 
381288 113.307471 
28800 33.851280 
60446 68.197418 
654036 339.942593 
763407 170.307972 
409099 103.605183 
640815 190.344598 
180807 122.931563 
511237 194.664095 
288583 90.109870 
70445 45.103950 
257113 107.872546 
281679 107.075088 
257668 180.561480 
374708 87.647386 
910572 159.975342 
335494 117.658968 
581076 151.209652 
454995 117.454512 
967120 284.024619 
657202 182.699670 
799549 166.893805 
414251 116.662569 
845287 184.325626 
448417 166.256315 
848442 229.431041 
381131 148.011030 
581058 152.544548 
361267 185.061371 
21340 26.267982 
200513 107.428225 
515822 147.478884 
560185 178.896048 
539320 136.176966 
201118 127.019703 
572268 156.236458 
748706 184.449165 
23557 30.658428 
821862 126.471566 
714992 156.959709 
946773 226.747540 
725125 223.563718 
697802 164.276352 
47993 79.404790 
266067 116.418932 
801297 148.039279 
903492 171.992198 
557614 254.523412 
193260 68.225763 
621380 132.990349 
215069 116.129022 
951474 152.204214 
735642 183.122061 
610411 330.065707 
141849 154.704851 
41676 35.163780 
968208 320.858987 
495242 129.220541 
980816 198.492488 
364705 98.807498 
31461 36.080772 
155616 103.376875 
339115 131.984498 
48566 47.883090 
144096 102.723382 
376621 108.759401 
171858 90.585004 
951795 227.219218 
559076 152.364217 
775972 222.393474 
716366 195.813481 
981824 271.996278 
239761 121.628583 
492080 215.494239 
105707 59.956733 
720677 227.725474 
609287 241.096741 
446613 126.854596 
817032 193.339564 
25245 21.069132 
219792 115.617551 
195017 104.369700 
329644 149.762976 
687737 301.052289 
464833 247.968880 
357024 211.043334 
28161 36.972786 
593786 163.401864 
37934 35.246659 
781607 142.601192 
103574 72.252802 
755152 291.823736 
15727 27.420335 
988435 226.334295 
823160 187.468012 
206373 107.745834 
662247 275.713118 
433066 168.814215 
548475 145.761090 
938782 197.250175 
929014 130.980766 
133933 87.210678 
573962 131.449089 
39892 41.253148 
948586 235.301228 
905251 281.327755 
191637 118.403961 
922558 206.434251 
175331 94.545892 
702287 203.706274 
645684 228.801505 
15617 22.827507 
612271 206.060913 
972138 144.067901 
302028 209.432435 
580628 128.321340 
711112 196.526253 
948656 309.214884 
588831 88.102840 
701499 161.530039 
839823 231.005812 
132289 60.635905 
446858 136.158192 
400724 108.564113 
754721 169.647729 
171080 107.533470 
492366 177.116722 
596512 146.936568 
818074 248.708974 
364222 142.972709 
402632 134.433131 
498181 155.004015 
369802 179.921858 
450613 109.598846 
864617 211.931989 
977912 209.743165 
819699 153.115675 
754890 208.498522 
805350 387.141981 
299657 84.605546 
585948 132.595157 
151291 97.563525 
860414 270.604011 
986440 256.948308 
514349 136.677354 
723111 217.724044 
755481 213.055748 
837210 231.832591 
446088 151.427943 
205698 123.698319 
113749 49.456377 
786033 198.080264 
299800 96.711298 
195317 92.533636 
867904 190.689495 
461678 135.133988 
216915 91.641779 
758572 208.605689 
656467 221.709534 
731803 210.921939 
218383 122.308876 
974479 195.285241 
987365 214.396549 
886359 186.663631 
191579 112.895416 
501420 177.246214 
932261 198.732206 
886068 212.253835 
107339 86.341779 
847178 201.129488 
780817 221.310097 
204872 79.759433 
220944 78.966635 
356982 167.170609 
593387 290.489929 
712131 160.225564 
825400 117.467548 
982249 267.113534 
141829 146.534472 
822270 203.469664 
374038 111.288072 
351476 186.773950 
683755 164.426175 
975206 134.696079 
799037 255.348684 
954981 244.687281 
630052 140.709459 
915903 196.553334 
170258 76.205588 
440909 167.949774 
492116 213.665626 
220809 120.106886 
317471 89.872306 
452163 249.099141 
103456 48.526468 
331268 122.203516 
289025 92.327489 
951720 242.678765 
98422 78.149680 
291556 133.211004 
487498 146.720877 
46157 59.871830 
624303 202.804006 
799273 100.709625 
614284 146.239917 
675547 242.818973 
279955 158.692917 
255327 217.319577 
279475 134.731171 
99308 65.341127 
998431 245.262322 
652158 325.698862 
683530 164.740497 
525876 130.344815 
780628 132.187735 
779143 175.738072 
268879 65.022355 
212064 83.660313 
833801 397.898172 
275897 91.673650 
963799 164.813164 
438750 194.572209 
998265 238.534427 
239674 130.088735 
484776 178.930331 
766711 107.586320 
901855 299.941495 
895280 194.479523 
836461 154.285151 
531285 112.215484 
851812 142.343639 
454468 135.221488 
922674 247.329030 
995234 173.569288 
120321 75.248841 
89885 82.761057 
966191 162.995698 
884491 156.143227 
58726 75.478352 
543555 157.152346 
691852 181.352465 
925424 269.078294 
837626 217.026712 
406356 187.333206 
533726 174.147268 
435719 196.026438 
99401 68.359431 
29034 29.878782 
310008 145.860390 
54713 73.634721 
237553 109.783110 
372330 125.654254 
226668 118.814514 
607187 221.788382 
137930 77.105674 
217076 92.458551 
14031 30.720213 
786063 140.575125 
491145 104.863617 
482638 120.335903 
292236 148.125934 
548040 112.542892 
468999 222.112126 
163838 99.066955 
731434 169.642079 
586589 205.561602 
126830 81.610245 
209464 96.467153 
642670 110.891361 
987133 148.679427 
726437 161.797277 
103069 85.958284 
138446 52.625823 
896932 146.254610 
29996 23.525239 
973524 277.597255 
131038 84.129218 
411957 136.177728 
191481 92.205090 
590543 136.180478 
580167 197.371448 
775684 148.800076 
216584 97.592807 
759185 210.144278 
757318 192.888477 
148357 63.346629 
261279 87.781923 
971499 181.142404 
39140 61.496204 
318012 108.041301 
136977 79.830662 
509173 112.382195 
890947 253.455390 
649673 209.354192 
960604 369.265518 
696180 245.784934 
904333 344.540559 
987119 299.797898 
910444 211.305309 
487291 154.303557 
588916 177.756501 
482433 167.841628 
958764 239.739606 
78836 69.521876 
204231 102.982507 
669646 117.517583 
418273 294.287713 
56579 54.676776 
985519 150.491060 
975097 247.211427 
291799 142.078724 
551818 135.397990 
639229 143.127056 
675533 219.947541 
574706 123.046252 
726991 228.791955 
175306 61.662376 
