484355 88.615652 
690768 94.249539 
853286 183.467677 
820211 164.122815 
669248 216.267199 
244973 85.137953 
835370 225.546061 
53822 25.191209 
563904 117.294539 
848078 148.270711 
393949 87.544183 
912247 229.942609 
527645 141.294912 
941155 167.663303 
546034 167.932886 
298418 114.754907 
900522 365.628676 
970405 170.347097 
35674 28.263494 
412406 93.073584 
949455 209.162616 
893927 156.542367 
638504 136.669476 
136990 79.679461 
179937 54.294508 
352678 81.250889 
138132 38.459923 
745340 112.251527 
562347 130.603372 
105917 62.816941 
215525 68.771888 
386338 198.706599 
621648 136.210410 
326173 80.682036 
328804 97.062009 
180786 72.253229 
725637 188.936143 
515294 114.070398 
938239 173.900352 
149905 65.179286 
331989 136.696646 
139557 51.043116 
451861 69.171887 
419366 173.381944 
703880 64.614873 
436302 82.691939 
276843 68.768902 
884408 112.488196 
440534 121.268408 
102810 51.833496 
117092 52.601781 
371429 113.399066 
220514 50.725998 
675687 84.413220 
449813 80.766322 
84212 66.111482 
112188 57.788405 
549067 98.469287 
903337 135.144329 
878183 184.391449 
936889 138.282925 
904797 183.294309 
693380 180.216945 
163766 55.491957 
662732 188.348718 
576121 165.604448 
943111 120.629158 
815274 159.652288 
649147 90.438537 
325804 102.912008 
548223 135.210779 
466950 127.435353 
919883 255.807958 
146394 68.111129 
263647 89.924877 
411915 145.263514 
960476 133.016280 
407314 95.454139 
478872 104.910109 
795843 142.998515 
163570 61.736617 
469644 111.859074 
805079 217.839838 
897493 249.050054 
74209 59.491217 
994907 238.257173 
464602 72.872368 
610749 91.360857 
853739 99.827108 
318912 73.143573 
614836 144.011943 
160694 59.811149 
632912 100.923447 
797003 124.025697 
897226 159.694635 
955383 92.878698 
709297 141.419881 
46398 36.146643 
236353 97.111691 
177215 75.689825 
376427 102.340659 
753697 194.300909 
343687 71.097556 
326865 71.480892 
296107 79.088256 
451945 131.423980 
858434 149.947925 
84957 85.395818 
475364 158.082382 
586927 109.842868 
45114 52.489933 
954094 259.246245 
977865 194.123039 
346705 107.178658 
481427 81.262407 
301379 123.357454 
80030 53.046215 
839503 145.240251 
643868 88.606765 
679085 96.502350 
216508 67.201216 
541019 192.838870 
548300 126.190548 
769702 116.120390 
309271 94.402964 
623718 111.161662 
207035 72.677818 
971197 218.358772 
435171 85.244677 
937171 121.063495 
416058 106.050117 
575909 138.691613 
540251 127.228658 
339183 106.819983 
838001 95.239158 
117598 56.627127 
324956 119.211129 
242492 66.880680 
378257 123.007723 
38879 27.445114 
732495 202.512011 
422995 75.642183 
478239 186.926603 
683094 100.413583 
14314 23.746708 
954091 158.025976 
663522 127.855049 
342799 81.729828 
579549 157.705843 
846010 184.783914 
979118 141.754399 
501223 89.772381 
783457 181.528527 
768388 160.375162 
215817 106.807364 
18121 43.977053 
73947 44.068683 
207358 68.095625 
539073 222.214568 
17281 19.849801 
858801 155.508939 
226525 71.206956 
743132 245.835407 
967604 152.648347 
723632 75.643331 
710793 278.460017 
378019 131.031738 
477548 260.926071 
882799 213.574541 
237282 53.577246 
324901 82.105000 
566770 107.278118 
384529 83.870109 
799111 114.712563 
720943 132.928027 
482075 127.638848 
311128 100.951326 
456759 125.440098 
255295 80.301172 
187295 48.895689 
232640 128.046864 
304294 155.578082 
574246 90.917387 
167983 108.353925 
436151 104.511231 
195532 44.610764 
230926 102.904319 
709578 190.785575 
628571 77.755362 
357850 64.163523 
714667 113.593746 
355814 91.322458 
15255 17.433319 
827040 190.794831 
574696 151.075301 
506158 159.425940 
383650 172.081060 
343641 150.716291 
238403 51.562072 
205325 71.741713 
12287 14.129834 
59037 47.485314 
265091 107.421346 
84349 34.993275 
427619 100.933117 
580164 147.721040 
605249 107.402645 
78871 52.736956 
877925 170.481654 
180438 64.389541 
608352 154.528484 
863819 213.983612 
954107 162.375916 
540617 173.412416 
295962 78.455943 
267917 62.701210 
82668 77.105896 
78309 46.581221 
406356 75.217233 
204348 107.116202 
898293 224.485474 
416299 116.228002 
395080 86.643821 
264500 97.864757 
897488 225.547557 
624424 152.175508 
509015 121.493690 
160306 74.608424 
279680 95.342807 
744123 134.126268 
307966 85.226374 
203771 76.652904 
76192 46.847651 
259423 103.645725 
619018 78.196182 
736940 152.487047 
631156 166.163486 
166700 51.831219 
216541 96.213399 
450888 120.173757 
941883 156.127660 
125160 65.609638 
533378 205.112354 
665120 195.457726 
176576 51.559471 
25907 29.349933 
131835 80.299037 
384268 109.674258 
265931 94.651818 
398766 108.237284 
794344 191.747781 
943942 150.711417 
892888 169.094627 
972808 200.392800 
925408 142.404354 
725977 261.723012 
31559 20.768451 
389074 160.370908 
467587 134.311925 
33799 40.099728 
981704 244.175686 
112039 54.178532 
65015 54.715395 
105338 76.127159 
452673 73.010106 
766498 128.831310 
70153 56.165460 
500187 171.765095 
427241 141.227603 
88350 85.264884 
552694 144.232750 
372565 64.733789 
361075 122.854082 
485617 122.215797 
37176 23.392612 
94613 66.427665 
373674 68.902909 
139992 31.818837 
576295 153.585042 
675559 240.026424 
641099 129.529835 
620857 98.242768 
907144 192.743600 
553214 179.546638 
764067 203.871014 
249146 81.949735 
156586 100.452584 
21823 25.357808 
152809 117.324984 
324234 74.739364 
901692 280.769107 
271999 94.084444 
104678 49.946804 
200499 75.848759 
488619 102.139413 
502290 94.588173 
921651 177.586868 
11748 20.202718 
943515 133.132033 
939680 150.797827 
663255 141.532579 
978614 260.962859 
396227 65.363329 
604404 159.031544 
71728 39.444895 
190408 77.099667 
936810 165.539893 
194589 43.662772 
292672 87.629049 
421622 138.691971 
272756 66.473638 
29524 33.757907 
88467 85.286810 
990669 102.160993 
15256 17.401983 
681716 125.178592 
319554 80.721237 
931437 150.403413 
168555 44.061460 
46174 41.782304 
625586 156.143641 
448776 104.008750 
56297 47.650601 
754751 164.122943 
112182 86.461976 
171234 57.408798 
667423 131.461394 
594966 165.843691 
871516 182.180322 
686762 160.382156 
469374 193.417973 
775842 132.508223 
304506 171.046009 
819133 120.160750 
851150 150.907419 
910939 232.765272 
60030 36.781699 
832116 153.981728 
314546 89.457452 
58842 71.839971 
796294 124.830537 
512519 93.112866 
188635 122.304417 
126195 54.463473 
182824 108.944528 
262952 110.955704 
489989 189.786907 
309197 108.116076 
787221 290.226466 
346861 97.525401 
386456 116.039463 
871897 135.555631 
893063 236.414549 
394746 83.710286 
85781 47.149045 
296769 136.549574 
327430 83.764859 
302096 92.087261 
301884 140.974543 
423450 83.755963 
719220 139.196376 
299973 100.075571 
708367 275.585745 
33432 27.895543 
205763 154.554916 
109735 53.619840 
697900 131.778994 
303342 144.744846 
392054 65.215081 
912258 170.236695 
363851 88.310369 
842031 165.502942 
691675 166.435757 
724662 94.526413 
174850 65.216654 
368980 143.921271 
750873 220.047539 
256311 128.100183 
55152 43.071100 
489348 215.550968 
523295 146.907519 
590403 102.094154 
739778 237.328352 
53723 52.627277 
858819 101.094574 
548068 146.289983 
680961 122.165543 
804819 151.610041 
620280 140.355354 
42211 32.828719 
880611 184.345717 
578609 121.101958 
747259 280.894874 
695228 122.461650 
581270 89.662362 
991950 294.081977 
483466 78.483362 
466809 206.515287 
512509 99.057711 
167165 65.351126 
977853 186.438450 
143043 47.720397 
758396 124.098070 
642202 206.819346 
853114 226.866340 
517024 98.831875 
817220 158.960533 
389390 119.102614 
767403 121.626002 
623823 203.840835 
324360 78.848009 
661971 199.884388 
411896 123.580474 
449675 102.536181 
579372 130.826050 
516713 109.873128 
199666 96.813252 
198979 70.882195 
270650 137.241329 
676105 131.375349 
756996 113.358395 
327702 76.244801 
364261 115.366610 
620539 91.862743 
573427 240.725046 
267849 114.178484 
580943 159.661187 
468478 114.416961 
358721 176.325148 
321983 112.693696 
597795 104.257123 
88726 58.351144 
402934 146.071332 
425036 149.759047 
729662 224.712828 
211218 58.900602 
739175 121.452412 
668017 109.968871 
586867 149.425659 
930435 97.951031 
371702 133.292240 
191238 53.278951 
278453 179.894052 
839765 153.093425 
97980 63.455997 
919493 116.266710 
660754 212.919615 
717930 153.778646 
465768 105.607851 
845347 145.983236 
931610 194.221545 
409724 104.690664 
627798 106.765487 
828182 113.767911 
524385 135.837751 
127679 86.904288 
991231 154.670741 
655541 224.080383 
132109 34.648611 
853740 107.274013 
302716 98.291945 
794257 128.145236 
143225 52.910056 
59493 73.021613 
445794 109.186485 
443711 108.238656 
399173 169.112724 
433521 131.154526 
219367 79.480955 
450392 126.171110 
795263 159.237076 
454367 135.201210 
64164 35.292985 
264024 72.676650 
346025 84.641405 
146882 47.715654 
963909 226.842870 
929098 119.919919 
814550 168.489515 
520204 234.411385 
843265 214.587467 
582708 168.166827 
261999 64.270604 
666143 259.407524 
493038 200.462795 
336775 89.283814 
273138 61.741738 
978529 200.632969 
763455 190.523154 
176705 100.580439 
917247 125.322756 
837078 224.913354 
365319 133.652264 
771338 220.232240 
495218 145.488838 
508478 87.015787 
511815 80.532668 
270129 95.489064 
651749 126.609279 
250373 73.378476 
576297 75.208651 
515151 125.063557 
654035 157.216062 
132748 72.576666 
649981 119.575873 
962699 148.378270 
956467 185.749239 
766011 154.950048 
524754 77.352330 
387336 113.176068 
905781 199.123730 
983687 181.033957 
878052 249.722674 
249616 101.398988 
117941 99.159059 
16993 18.024177 
970729 130.927039 
161745 69.165440 
433640 112.475516 
115906 57.529182 
123483 75.276095 
318600 132.722081 
414094 97.736861 
744611 167.769549 
555906 159.848837 
799778 138.678375 
730392 162.403261 
668924 141.362439 
742881 100.886947 
966161 133.088021 
852041 150.898339 
635436 131.031146 
784168 238.543584 
460838 132.423845 
546138 172.955636 
811675 132.062686 
613753 109.847648 
78908 42.157967 
278690 131.303108 
837955 243.748431 
906632 182.472214 
992672 226.244441 
218716 127.189166 
517577 133.616795 
661895 96.446332 
267426 60.891628 
325604 124.145970 
748939 103.200941 
445394 92.279282 
688678 218.768587 
68335 68.068084 
568759 185.206996 
275741 92.588323 
968821 82.876165 
533275 79.063304 
922392 138.617804 
502634 115.681302 
190363 69.830989 
40590 61.965046 
977903 121.608565 
521881 149.780850 
936464 178.179231 
659394 103.854757 
410401 135.633901 
918463 167.907763 
297909 107.310486 
303304 62.964397 
685315 144.369924 
475630 109.081682 
143307 77.667754 
681571 103.315583 
162901 81.035990 
597284 142.172436 
570457 134.380041 
45977 38.031063 
621501 160.180064 
504104 121.485108 
581225 148.107418 
672666 110.877208 
269730 90.122505 
222217 72.713607 
224842 93.722260 
742084 104.950727 
200893 63.502254 
502410 108.241944 
581672 147.373125 
731025 214.277109 
80784 42.268862 
352090 70.793460 
288723 118.203576 
983944 152.606349 
817938 160.122226 
410212 89.249465 
689529 95.400581 
477986 127.855667 
625349 154.678426 
449100 87.674550 
382184 82.598978 
337957 92.125321 
831682 140.083603 
729413 141.300239 
824380 147.771773 
67047 74.362647 
641502 182.632583 
655328 261.726023 
783847 174.631583 
315352 88.997786 
856478 120.226071 
426744 106.913261 
17244 17.947805 
489172 184.141893 
908560 271.423668 
920273 199.117276 
539233 92.965093 
339120 115.822442 
667869 170.947179 
308902 80.170349 
547922 183.612642 
827618 231.418767 
706259 152.592705 
985860 123.048169 
471921 214.835184 
207432 77.475711 
477393 114.000173 
191998 74.223520 
815254 186.510849 
36080 27.322026 
721190 88.576931 
387557 120.439781 
216757 60.683857 
507968 91.652008 
956075 120.380942 
753659 159.779194 
730623 190.474236 
997087 92.656904 
687496 168.021930 
836115 329.779067 
947046 146.013786 
534092 144.272266 
775784 154.117011 
623535 149.139009 
264676 131.034478 
224779 80.456943 
978296 109.571147 
674381 85.858115 
650844 217.300227 
321333 102.094542 
567640 126.040599 
207172 92.187971 
210209 126.568333 
209399 103.904489 
853912 120.602514 
901951 193.532797 
215632 80.807669 
601216 115.682046 
308691 114.006863 
697098 158.739535 
118259 52.810457 
91802 53.637396 
916681 184.859666 
631862 142.458968 
858272 191.408015 
552444 83.150461 
25852 44.009228 
723388 148.298196 
722310 298.233008 
544048 145.658332 
444240 75.896445 
911492 132.045894 
522779 107.153454 
988365 247.372433 
141431 107.461087 
552144 173.109306 
947153 208.578615 
23259 29.096289 
564141 161.573958 
523726 141.044161 
353661 100.587035 
623616 104.671747 
434658 202.942172 
904821 193.955033 
567489 121.999095 
230752 66.323699 
350399 97.024813 
366836 118.897236 
854743 142.413597 
707829 142.090393 
665056 190.751293 
132431 45.390374 
138628 54.503531 
914251 117.969500 
291439 207.751158 
601393 178.207233 
863243 154.452814 
368603 150.393914 
484106 178.223272 
480549 125.327349 
705156 177.793029 
840498 124.322837 
746432 94.969643 
947039 129.000754 
418719 73.038012 
663807 125.295035 
593580 184.773752 
983013 152.429246 
566160 177.312271 
592975 174.661235 
230419 71.270879 
836615 175.556109 
785711 118.891706 
83997 68.867152 
992201 185.728781 
12790 15.772325 
754109 238.554647 
544943 101.761130 
114898 75.648485 
319346 108.069475 
380028 117.217041 
987768 117.809358 
184237 89.323534 
579445 122.165759 
598933 101.038651 
475415 143.962108 
823951 134.582174 
370877 87.966239 
416413 84.782127 
707769 97.714965 
959338 169.479705 
240644 110.202697 
155655 57.021957 
208018 80.335508 
452509 67.678443 
501568 122.056643 
854589 110.972726 
910844 255.266420 
228597 75.965893 
879779 133.291120 
433779 137.061851 
148702 69.041332 
969618 255.190177 
66416 39.297602 
674679 143.679886 
329479 100.642127 
120762 47.459228 
218590 64.972047 
249286 137.589361 
548477 154.555577 
10682 16.457033 
546962 102.672365 
716656 117.706921 
740347 158.080384 
929105 241.621057 
113243 58.553647 
696871 136.255686 
820678 120.208928 
130011 127.475130 
84624 64.607507 
264497 104.059705 
684194 157.196193 
414674 94.806856 
371853 152.525769 
856857 103.033669 
335053 86.645665 
67643 38.038790 
581381 141.863964 
35595 24.713323 
905554 140.989312 
724374 137.454910 
652440 138.514814 
867608 113.608919 
69315 41.216796 
609726 140.291878 
54864 31.647678 
801529 149.196823 
268084 83.196857 
800016 128.563563 
159519 64.977995 
669044 113.584995 
642099 236.607709 
523537 101.941681 
778580 128.628859 
454944 171.947090 
338292 90.605145 
300166 57.298797 
414334 74.538127 
607514 126.417226 
649972 119.676666 
942141 102.474915 
639917 142.683258 
721926 130.156426 
527590 166.758446 
717975 159.236705 
613618 113.516043 
781423 100.456205 
632765 85.608742 
633168 121.652831 
123353 99.774802 
813246 283.646612 
283967 85.147101 
528842 185.651427 
428988 157.141636 
669016 119.585405 
303611 95.449941 
833806 159.343955 
981157 150.180708 
520602 156.484435 
29528 24.419181 
952671 139.441756 
381610 112.777536 
795958 81.378475 
145841 52.534417 
659818 139.885893 
493528 96.609161 
476555 119.838231 
713053 94.011023 
266830 89.038738 
125168 42.667830 
217235 154.379231 
509574 133.338168 
354853 131.275262 
126113 49.898800 
84768 36.147751 
40119 22.529702 
980716 162.127255 
838779 113.237457 
969355 159.353626 
484974 103.588727 
996209 221.856949 
772848 67.913341 
133932 41.571420 
689591 206.055100 
455205 89.913548 
381543 248.890410 
860072 157.816603 
577616 150.879468 
471341 90.494118 
945038 229.111989 
269994 113.422821 
912999 243.275696 
718533 288.501932 
268321 134.111654 
767254 211.492204 
83523 37.542939 
237470 78.377995 
359606 78.726505 
654427 130.906355 
18369 24.009035 
997864 279.822884 
357649 94.767409 
451220 143.472385 
534959 124.385874 
818315 305.560971 
676587 147.775420 
563197 203.819923 
566633 167.385596 
779396 113.932492 
952331 186.380223 
462313 123.485008 
755493 183.888495 
663469 133.087932 
455833 137.441272 
161806 71.093723 
182594 99.157113 
833409 163.671802 
467872 128.540926 
166707 98.433031 
937222 371.954316 
576952 194.479076 
691751 102.968657 
490467 120.969136 
709378 105.762973 
898508 140.332288 
428265 129.689875 
620765 186.236860 
821734 207.856344 
620795 179.227956 
219199 100.232718 
778477 169.422230 
636603 118.981008 
146340 91.425524 
558266 165.775390 
12185 16.418458 
956291 199.665947 
368332 100.228626 
708798 391.652331 
146434 65.330900 
506817 214.215755 
785020 197.059778 
954414 135.941655 
216513 145.643646 
79156 56.855793 
261434 106.311281 
326056 144.988604 
974483 211.317865 
162799 61.549385 
644541 177.388568 
348054 151.062740 
27248 39.541975 
572358 113.297069 
179329 48.323683 
682405 204.561224 
42495 22.323989 
892939 297.834931 
767343 130.394359 
526152 97.592264 
722074 150.798794 
517523 156.585290 
723303 278.375590 
311663 102.063821 
937116 202.963157 
630632 147.935359 
364466 121.726636 
552724 128.560074 
511482 92.220092 
135415 78.744757 
414911 154.199821 
108087 49.457579 
456710 182.640219 
81788 44.893162 
810150 109.989895 
222217 80.933345 
205063 103.701351 
498244 97.315502 
433515 100.382679 
571106 126.749618 
55720 63.981532 
211640 63.295198 
94934 34.507883 
751570 104.124835 
553131 117.790026 
111651 74.702495 
505693 119.742156 
164786 79.275556 
484621 102.185000 
567074 238.169751 
177870 58.796475 
256754 114.627276 
50421 22.477083 
635673 144.648651 
434263 123.487745 
696716 121.928106 
15793 40.056089 
506702 79.081423 
572904 163.284790 
259625 81.152733 
303490 106.599906 
744782 122.159306 
572236 145.583271 
691240 249.174419 
504946 127.159319 
714256 124.720347 
74384 32.437357 
750412 153.218442 
735096 120.017205 
226892 100.377172 
951077 149.059459 
758277 233.455325 
54036 63.566892 
248414 135.277381 
213856 64.143668 
639678 146.780265 
239087 58.539633 
106686 97.759307 
52342 45.315373 
744823 138.384547 
63127 35.071916 
161287 91.272963 
397441 105.526269 
600690 222.516925 
587870 175.584977 
56072 37.890970 
925495 190.370077 
997294 147.332928 
799127 173.968607 
573524 196.308687 
66720 41.052637 
810005 151.114490 
761772 166.431915 
629279 88.706802 
607814 175.006140 
383147 98.299819 
256032 127.112728 
467570 85.939296 
703739 180.371157 
584432 85.274402 
65074 69.414193 
594062 118.103069 
206986 59.452923 
173588 85.235848 
50443 49.880828 
941227 196.295534 
896430 128.660923 
472397 119.595380 
728555 240.267900 
594987 110.587339 
613531 230.254999 
11156 13.247458 
274854 60.632574 
966449 240.066537 
242353 69.387841 
371540 84.362400 
577418 161.387825 
759800 113.629407 
591895 228.539305 
69403 26.933677 
28211 43.180239 
44902 44.305683 
50360 32.267885 
844726 95.292821 
235488 98.302022 
96647 58.445798 
114906 46.615913 
805323 188.485238 
105848 37.899347 
884194 155.311183 
438586 145.742076 
373376 128.096358 
196449 86.710302 
473752 137.151719 
476481 212.029837 
962063 89.218271 
868918 95.929380 
656897 120.917948 
566384 127.823292 
968255 221.490193 
78388 40.503196 
396540 83.814903 
353861 136.815026 
98269 53.884175 
60855 27.957590 
694136 229.118389 
491194 165.177190 
791613 255.156096 
525508 129.682699 
294366 81.847366 
648454 238.147907 
729171 183.615723 
182496 91.228386 
654556 151.586594 
370762 145.319463 
889337 130.346712 
477770 198.952476 
262972 58.966416 
29133 18.485158 
681873 194.140786 
38547 27.014393 
445007 146.340961 
665697 116.656365 
632845 152.919199 
288072 79.578891 
816943 250.632725 
221767 164.362606 
591307 137.046883 
368247 118.414399 
293337 137.266032 
489139 99.658198 
463971 189.363202 
75938 63.179357 
664726 131.832419 
235002 75.903234 
77198 47.965335 
738834 239.765048 
236039 182.563961 
385386 145.279122 
419333 115.201609 
203505 80.486435 
966732 180.297030 
260871 70.379527 
763374 84.638808 
436390 208.796643 
695623 149.035041 
786278 103.717499 
24593 62.118747 
792470 234.825969 
899040 215.642700 
275322 111.787400 
332831 178.183058 
287999 163.139829 
419624 93.327253 
516443 197.677242 
762304 165.496487 
323323 67.513070 
768906 253.800731 
561715 107.419589 
562317 271.539300 
108978 59.114513 
232775 217.337910 
965809 211.467497 
107360 100.956515 
787593 131.724692 
200617 97.832745 
544470 134.365722 
704574 115.498593 
752183 139.953708 
340785 84.225364 
55061 39.200453 
416188 109.153401 
605225 82.155744 
563701 114.983381 
892807 108.053827 
696454 125.093327 
403457 99.300747 
340759 84.380609 
95012 85.611558 
919177 155.755052 
265360 48.433550 
445017 173.912460 
699433 113.027870 
977439 153.428821 
985910 137.596578 
623090 122.647546 
553549 76.946946 
308667 98.669387 
441599 129.484230 
570920 138.298505 
590810 114.809195 
776717 199.745888 
462499 157.017428 
341840 119.571219 
511392 148.859737 
78970 71.367876 
957329 189.536522 
186777 80.611080 
132438 49.617771 
359717 109.177952 
876835 226.880950 
263534 171.296559 
192721 84.958099 
347537 96.076506 
935968 175.391920 
446278 110.634939 
490774 103.062220 
321009 177.442770 
848851 201.189566 
421793 101.603134 
868022 172.758439 
909617 215.062529 
808020 157.532187 
320108 104.285393 
511883 96.335463 
394172 107.624357 
928284 172.984758 
299828 95.582047 
668368 164.985630 
446143 128.118249 
901869 158.929667 
860465 171.013124 
814650 176.329755 
881578 123.952188 
735712 160.925903 
697371 119.167646 
40303 43.306068 
803592 173.034860 
922388 204.552294 
149907 73.746463 
355647 80.301666 
801556 166.744365 
713844 84.167335 
480093 135.077164 
632053 131.750134 
951638 173.427860 
888409 170.591991 
24577 24.405851 
784549 144.652114 
220810 70.390383 
378636 68.022001 
529346 148.983568 
19829 21.087974 
812383 151.078421 
865941 176.052521 
950040 286.944053 
526711 107.881453 
112503 47.730166 
949350 269.905106 
877581 228.608733 
733995 253.423490 
354756 106.181478 
467752 87.145889 
406591 105.046053 
530268 177.335427 
772906 108.370544 
781074 176.382271 
79372 58.109191 
837635 186.199483 
624977 107.714020 
383533 121.224458 
339512 95.565608 
560107 76.645967 
810915 258.037243 
526481 109.652630 
632338 139.301499 
164006 49.646942 
700071 118.931524 
55515 47.163802 
794523 130.644489 
189424 141.094519 
541263 189.895622 
180841 78.644141 
942233 107.718451 
564781 87.339667 
902245 263.965403 
222257 90.435814 
195415 79.422379 
945767 168.535849 
969957 132.832548 
827616 140.294314 
18234 19.756318 
273862 107.818300 
812870 248.762536 
712298 197.489111 
835635 180.488928 
975001 178.950686 
876646 169.685220 
784697 189.693494 
126542 56.655432 
560667 136.630648 
756143 153.588089 
999704 175.529055 
207234 99.260072 
503142 131.424797 
726157 248.735571 
367864 151.907323 
701825 279.234174 
824215 136.781798 
507785 116.276523 
817477 136.226148 
678788 159.403193 
392553 126.088082 
816071 168.534874 
834190 117.549310 
335156 118.822003 
464026 86.744958 
260236 94.282244 
939596 95.835536 
246820 53.343756 
851054 196.596226 
690596 116.078879 
907111 202.621927 
611047 77.518223 
324343 98.565734 
33930 26.238131 
81793 38.078601 
259853 90.824655 
948170 205.522179 
209777 125.934793 
148329 73.530793 
721405 206.527240 
950874 166.057063 
899515 147.380625 
945220 197.568869 
524939 77.954874 
468325 142.279063 
698013 188.686071 
672212 62.928587 
614677 139.443791 
984293 175.871187 
177158 50.911260 
266521 105.039589 
64585 75.952624 
349416 107.429334 
337770 98.027620 
690684 163.838862 
879514 227.618914 
990414 112.686249 
327023 112.880172 
797260 197.450009 
846469 117.001322 
356765 119.019429 
675772 168.092645 
812007 215.116741 
660727 89.979267 
257501 68.280921 
544324 142.998859 
221876 141.583191 
74190 71.879352 
71861 37.157044 
907072 223.562624 
184836 72.832592 
25906 20.237920 
861593 202.625481 
537709 134.509071 
352984 77.867584 
914306 187.924757 
260227 54.591485 
818653 145.895674 
704871 123.314924 
322642 118.363610 
996346 149.623319 
820976 162.761353 
703865 191.219655 
190815 66.742886 
914632 115.946217 
787208 255.947473 
917151 204.614341 
871293 193.280861 
558680 198.737318 
272033 113.011416 
741695 184.471554 
747173 233.647848 
798203 128.797708 
774956 130.855247 
395171 91.543970 
397477 198.925581 
768306 160.151659 
624644 170.236280 
662125 121.587728 
322118 189.395421 
336568 134.452337 
783686 224.326764 
677916 130.455101 
59480 66.510375 
399185 99.082099 
731706 136.328262 
942478 183.375303 
530477 112.656571 
130219 93.502560 
444355 111.767660 
457840 95.983122 
872056 153.790592 
85087 77.206349 
700249 112.060597 
680747 136.676385 
730679 117.954673 
108930 46.425478 
461152 126.085029 
622587 139.250825 
445879 106.153482 
556390 104.192411 
31253 20.780349 
824478 179.769094 
444905 91.195521 
535652 152.052639 
966889 110.934809 
778839 122.918664 
329533 109.478339 
456257 92.157857 
834792 210.250081 
190487 45.474066 
286726 126.847602 
38135 24.801147 
731265 175.367147 
462605 79.545335 
175388 66.170184 
666922 83.107139 
228040 97.398971 
569893 88.986908 
137887 69.376645 
157730 61.833156 
796219 175.582021 
850366 197.081118 
897986 196.898280 
650252 122.981346 
409228 86.765659 
246545 81.168593 
156666 98.478369 
942999 217.847291 
149637 52.723402 
561573 81.637905 
557149 111.091854 
567697 218.111504 
406247 96.399182 
493217 143.689542 
32144 54.465614 
725183 145.334934 
821788 215.406713 
181031 63.426645 
127963 44.544869 
215562 96.720293 
312651 146.226284 
300466 64.620460 
941336 144.402676 
647516 156.243760 
753679 234.069151 
726875 114.643426 
585459 161.505768 
810999 124.435444 
64518 31.912779 
60182 27.413044 
57546 34.873743 
79571 54.443051 
697440 183.305513 
920335 115.516377 
329514 120.144515 
532748 90.091668 
763286 147.142810 
650549 127.034389 
521700 173.947419 
70419 60.726733 
717187 175.202778 
331200 76.565912 
733697 167.384918 
993646 121.760183 
234244 113.435434 
294341 74.014355 
365907 158.080327 
781883 175.304016 
314981 95.171128 
414441 101.160165 
190811 126.441467 
830417 281.029620 
89501 23.171127 
982056 154.152584 
992781 163.278163 
759386 134.329676 
364393 110.862069 
361660 101.363734 
781743 324.968013 
673028 165.917692 
692003 104.787423 
883358 143.489530 
757661 120.071636 
977039 225.097081 
949780 132.254843 
312844 83.686766 
177364 69.397226 
694927 271.190471 
50335 37.468852 
766004 129.909404 
20739 14.543148 
920548 239.724664 
297497 143.179421 
591381 115.880910 
781618 134.539809 
957956 244.290749 
797991 245.152261 
642121 141.480578 
835982 195.812409 
87175 49.304690 
237040 95.532053 
150226 44.995570 
504832 150.136981 
122141 73.591772 
198871 89.649554 
770156 106.560610 
377676 102.755714 
498232 79.904874 
538314 89.115619 
186296 67.057939 
590876 125.611578 
90238 51.812523 
971458 152.010436 
985400 85.630656 
866495 247.125737 
465932 174.443591 
84745 73.830159 
673106 173.012879 
219789 61.346642 
636701 146.062881 
754576 127.977432 
846267 152.349918 
218629 82.715971 
34608 20.241688 
310798 116.770586 
307012 102.174565 
31192 35.035822 
103916 28.946081 
196759 158.112478 
176005 79.201833 
377796 74.018672 
803371 77.023067 
109054 57.522138 
683066 88.877910 
896484 148.918260 
967643 213.841013 
370638 107.192903 
637487 129.812434 
851796 182.384855 
985138 214.202812 
550379 113.815902 
147779 76.646027 
730934 137.631233 
303672 115.649466 
375694 72.118186 
327922 151.070715 
597180 167.289973 
863970 181.273257 
834163 170.009932 
746250 181.331498 
222368 69.946080 
948971 137.833541 
125295 69.774389 
78451 31.167380 
83623 41.879408 
884917 149.479272 
760957 117.370485 
393572 117.006257 
371830 141.277105 
483593 86.736398 
116411 76.216861 
276317 131.549095 
34314 50.548035 
905230 265.568376 
411687 147.749885 
534906 105.814679 
395170 108.856296 
144724 45.071916 
176824 64.608956 
749849 99.037718 
680508 151.041622 
764824 128.823402 
572844 175.046870 
863280 220.522279 
900696 217.792266 
530180 138.425873 
735682 153.096481 
343231 71.083590 
513005 132.614692 
79417 79.803217 
67406 29.733534 
131308 79.846804 
247908 87.352513 
867820 118.983741 
905821 145.391728 
592418 114.294117 
937063 180.098110 
120997 55.458258 
898579 91.557739 
163904 53.262531 
583624 121.681189 
347564 123.081743 
433411 98.272546 
171218 104.103099 
430511 151.207526 
432877 116.673144 
487913 191.228567 
477915 104.907867 
619732 175.139971 
639787 164.490092 
66709 59.014178 
204042 76.079185 
498564 90.265216 
104388 93.403112 
841617 241.747979 
826297 142.328572 
842023 99.735565 
593293 146.756271 
220871 76.603001 
593311 120.824848 
949694 198.078083 
888273 218.408247 
387966 110.096723 
632055 143.823680 
94396 39.168114 
930947 133.727246 
727613 233.958283 
78058 55.577691 
505702 180.977815 
304493 133.017609 
156727 60.792416 
456002 94.043007 
691962 121.789376 
941205 245.786446 
902987 146.293058 
837957 142.156035 
195110 86.801464 
216437 77.355917 
587350 116.605993 
812880 154.668141 
601701 120.607476 
182215 69.179503 
267804 75.589855 
422727 100.948356 
743079 99.934533 
139097 51.806243 
872998 153.972098 
614111 142.514593 
104070 68.890145 
170918 76.209614 
328736 102.745365 
745544 136.961159 
276538 118.266055 
188645 49.868398 
702472 116.046717 
905344 188.553976 
484591 120.468292 
323852 78.163859 
756134 209.521349 
993151 120.944860 
950751 140.338577 
179888 68.461780 
695704 118.879875 
873698 249.450758 
788075 199.710391 
389959 129.329240 
487862 73.795056 
664185 107.334947 
914202 246.363829 
655244 184.029677 
318919 106.807311 
180436 46.380552 
608229 154.670336 
571909 129.354487 
733761 162.697596 
955706 150.337523 
644361 97.499621 
719913 162.050621 
355375 109.809528 
308427 128.547663 
173826 74.544738 
455036 140.964654 
755198 149.755023 
751983 178.257656 
673943 78.135115 
371552 149.093381 
352158 84.223934 
594332 121.727819 
440321 134.342708 
181857 114.501235 
148054 76.538940 
277158 62.513285 
361196 111.096264 
343670 142.698910 
472238 74.923120 
959513 164.865602 
140161 76.658155 
613876 279.448979 
761429 145.212087 
469021 146.220580 
587143 261.910495 
964076 204.310057 
867513 156.564380 
94711 77.621565 
42784 20.224725 
667900 139.663581 
71853 53.886142 
347539 176.139966 
546482 165.892676 
822801 139.245263 
622133 105.074501 
243122 71.849847 
173015 64.421824 
637973 167.616943 
198728 58.623305 
984180 123.907712 
94840 56.638909 
621429 106.091647 
478257 107.126181 
546237 131.035985 
61448 44.247785 
902694 126.995718 
467475 141.770658 
176146 68.118574 
574113 160.022393 
899112 105.665880 
729335 95.490191 
348245 97.165729 
62771 35.802598 
762695 161.872643 
609249 91.857366 
782072 115.487411 
342020 125.273770 
659323 173.252399 
555486 146.924775 
390420 139.195793 
140107 88.690839 
99333 54.225200 
481230 175.483881 
430470 83.230482 
813318 182.438503 
418370 170.263432 
679819 135.019125 
679996 157.719596 
732472 142.740409 
97828 67.239398 
898114 173.223843 
839283 118.078246 
990120 118.580625 
214366 57.766690 
341023 79.741374 
197356 75.574873 
414256 106.824890 
434626 126.843286 
221593 121.301669 
215216 132.780885 
28410 28.042395 
929673 141.433473 
505125 72.282906 
296336 81.580713 
940890 260.689453 
930224 183.820937 
226083 104.986829 
664636 233.962769 
35872 34.288514 
158547 109.066606 
424355 83.730171 
461311 203.693693 
587909 113.494917 
222948 80.815454 
342271 163.431704 
368154 66.040114 
193163 110.307599 
200841 148.433049 
316073 87.127826 
70200 66.644569 
29261 28.411605 
609464 151.251393 
998383 186.863387 
681000 166.536860 
860851 130.192483 
619020 140.196193 
741414 140.283147 
674609 175.211243 
814462 168.160049 
765921 125.799785 
201221 61.853789 
101904 66.942671 
402813 177.091453 
220640 78.283500 
300118 64.073089 
429105 101.687131 
579639 125.160959 
309985 106.172880 
714683 153.626271 
776791 167.924616 
366674 102.346628 
544314 107.562306 
748234 173.266718 
187644 74.641628 
939938 118.817047 
815891 121.258200 
331164 109.689235 
541566 140.885605 
831179 178.820238 
591930 91.255664 
562793 109.840616 
765123 146.841343 
726168 128.774168 
579414 139.661319 
302790 100.617547 
851419 126.097896 
116281 43.519318 
486956 158.835533 
828437 160.445610 
732773 138.955249 
59891 29.317709 
359411 98.814841 
154482 62.916889 
42276 22.266303 
507971 74.513750 
410774 143.206875 
798643 125.066717 
64891 66.155336 
490230 72.955228 
731841 114.915842 
359995 128.339666 
871707 237.733009 
970915 186.699522 
632833 120.684068 
689358 106.059780 
778456 199.310005 
53517 29.985323 
745696 168.315566 
947375 152.409890 
716915 294.599209 
817796 175.426403 
616457 164.835925 
65639 53.233544 
969577 150.371715 
778764 141.339110 
855911 190.196071 
326640 128.947034 
279806 102.344221 
690626 160.634955 
523701 123.935906 
73012 50.395074 
344304 87.669014 
82809 97.612774 
320467 138.715978 
353411 90.149895 
571637 76.303261 
438130 119.557364 
449793 111.307812 
549210 141.876830 
639106 207.135754 
656804 114.962216 
913048 127.923968 
46809 39.020506 
921262 109.896060 
871037 193.202437 
656921 166.189852 
89504 31.244255 
358892 104.501770 
908063 170.513240 
646470 171.217303 
604596 138.513735 
539262 120.993719 
284430 169.383269 
969702 125.437585 
323239 53.762294 
502604 77.053315 
876330 167.070274 
587136 161.936058 
41490 22.283335 
151542 80.039397 
336925 134.959569 
607689 79.295395 
329738 124.100916 
629571 100.985464 
882015 218.790986 
476801 87.612181 
573280 81.610069 
324490 78.938570 
504412 141.890010 
382230 150.638524 
722425 144.187668 
300502 144.169637 
454883 144.878218 
999488 162.632816 
296132 82.739419 
696395 110.491804 
21167 28.044103 
459782 110.615154 
395077 75.001385 
91052 42.710006 
459983 245.522578 
950176 358.020882 
208798 81.654790 
797183 266.759750 
974587 239.001188 
473412 76.313652 
521525 159.547866 
402323 145.954348 
343384 96.603431 
985634 139.038007 
857061 194.976644 
529525 159.174362 
585337 140.447929 
49777 54.025844 
775825 130.749248 
934321 142.578320 
807337 186.972011 
465993 184.775698 
703046 131.869136 
304728 89.718928 
816304 116.949062 
455543 125.137842 
274738 105.268315 
203350 83.637460 
90125 44.040305 
592284 174.477597 
708630 167.374419 
555374 106.314079 
997426 140.908465 
507841 106.334604 
740223 146.439259 
186746 124.326259 
545988 123.923956 
273930 126.227468 
380136 85.754059 
712068 194.502991 
393178 124.895524 
980682 188.682690 
504520 187.161798 
699446 110.005002 
485812 103.884177 
712326 238.212891 
514858 120.557368 
239786 58.002301 
472268 147.321959 
192680 94.637714 
887006 159.961699 
190941 77.343740 
649819 254.787805 
509900 159.840505 
812186 103.834897 
51363 35.353586 
868046 137.612323 
625425 177.305176 
971478 140.915923 
828365 160.679361 
82574 55.712327 
230383 58.055957 
486094 191.368018 
829276 169.834724 
38977 60.575731 
642823 92.707940 
345732 83.522889 
454710 76.130391 
194053 75.606904 
612013 108.127164 
435595 118.067428 
127812 68.495223 
292227 117.719881 
49460 39.207018 
135143 63.847424 
437310 189.452510 
330508 101.119185 
556297 147.065635 
563928 95.331165 
836250 116.735311 
366066 169.842452 
558263 112.389491 
776039 214.168303 
420530 100.274012 
880540 163.335624 
943844 169.188695 
74788 69.683062 
318664 56.701605 
337728 68.091521 
972493 193.976069 
281398 62.578560 
652560 180.609210 
422791 111.029356 
983679 216.925128 
856820 159.712931 
430825 117.252079 
862427 137.993346 
36765 20.863778 
715490 140.434037 
900242 167.655192 
466701 155.934437 
646629 154.337261 
381134 174.046776 
38679 24.946808 
538725 199.998758 
979717 121.833080 
126322 65.012568 
583486 110.782457 
407347 133.918809 
299837 53.049946 
959187 169.318606 
323987 74.231572 
409435 157.794576 
629868 109.252615 
394691 104.525146 
743719 134.829211 
462899 256.265116 
764722 146.029800 
353974 110.634466 
202572 58.775413 
742878 213.557041 
642817 154.296309 
303314 132.474619 
348383 91.555738 
793918 202.471387 
83963 54.484274 
239899 66.960018 
885932 201.157265 
188914 66.301082 
727340 150.823013 
436238 101.548954 
406137 127.407578 
174103 54.809468 
522709 185.769982 
297323 131.542208 
607619 125.920484 
902795 132.231421 
828620 140.000340 
235683 78.994895 
292987 166.232705 
913307 91.494012 
786116 137.982488 
943411 170.073570 
302474 125.803040 
140479 62.779455 
368719 152.755037 
116779 71.168487 
290590 106.659238 
47834 51.559825 
880674 156.809762 
496443 142.200913 
679127 149.090487 
412056 120.096468 
628164 130.777651 
439780 152.774222 
687946 168.115502 
123610 64.528972 
931757 148.101566 
32524 43.372602 
785758 246.976092 
317400 67.161971 
67211 41.308562 
62659 27.314973 
163288 101.316612 
949671 168.174197 
713620 177.187123 
394932 151.213520 
305268 138.211998 
247447 83.301262 
253448 99.456093 
190063 84.211750 
760013 250.830299 
621239 198.302928 
645976 100.956597 
385022 164.896493 
505476 89.510126 
769198 135.667493 
600515 115.262167 
673743 114.554864 
625158 155.104905 
512956 132.897901 
541973 178.476240 
748280 112.252164 
804248 150.767316 
493889 109.308937 
10193 11.747007 
904956 181.760287 
83829 72.123022 
477312 138.275554 
465075 75.900127 
65075 43.417779 
318935 126.479341 
351618 153.887644 
372103 66.212713 
384342 85.767873 
595042 222.526407 
989089 264.151219 
390657 114.868665 
858976 148.942167 
712417 128.429068 
568145 132.565705 
985172 180.166611 
273466 70.429837 
718077 238.796141 
637478 111.002999 
252049 103.869531 
795860 334.171899 
550610 109.790820 
196728 82.455400 
607112 153.096939 
172737 56.561974 
229302 117.958419 
501418 110.508600 
962115 108.947226 
222608 85.214561 
647783 178.523670 
802197 241.030009 
40272 36.780401 
910638 211.979002 
376063 97.594105 
290857 85.564569 
716767 226.882158 
229656 63.405169 
992605 135.450945 
453291 75.779834 
492233 76.580578 
483412 91.691652 
776040 165.921079 
131356 64.018281 
763528 134.921632 
693932 117.799382 
868175 178.628530 
177969 51.885991 
729170 189.607325 
289512 81.293585 
300806 132.827318 
727609 89.848344 
205194 87.161731 
413547 140.214118 
482815 93.418051 
740502 247.264732 
992866 160.692430 
947796 145.600034 
981471 166.813215 
610243 113.024392 
514461 214.054489 
416446 102.001592 
451909 114.476977 
751662 300.571955 
981226 229.343475 
792822 247.515080 
768936 123.681112 
993906 113.631248 
364665 120.255021 
780866 190.833038 
489351 88.999367 
135344 64.517812 
214263 93.443249 
378473 103.180330 
492018 131.829023 
264593 166.854822 
87775 47.362042 
835675 125.676789 
480664 129.126258 
502560 202.240045 
402530 89.093369 
757249 87.564412 
771841 229.623803 
182422 83.734383 
534680 154.025721 
611617 154.676541 
50472 44.393120 
128569 55.306831 
492667 114.412864 
391287 139.588496 
921476 222.403009 
285994 103.726643 
110629 64.830670 
974290 216.298605 
809026 273.979992 
76134 73.691704 
548690 154.120437 
449596 112.110395 
605372 232.174005 
766995 217.745849 
201398 83.483308 
852759 118.939315 
203970 66.817735 
635830 120.406866 
861961 179.160374 
579471 153.586114 
933097 242.538508 
366342 91.263069 
961329 148.241751 
652614 107.008053 
799708 235.617508 
777047 209.304714 
617516 133.560909 
252646 75.922897 
52018 29.595277 
883086 239.383568 
707396 144.564311 
236305 75.374626 
415099 80.606853 
996158 242.830277 
883051 109.076089 
377388 74.995925 
18652 19.626118 
553107 78.680137 
126465 90.047039 
52977 35.431925 
932145 114.664801 
171896 86.774467 
898069 149.210682 
761431 133.978672 
731421 88.504077 
20967 32.173991 
937112 204.319007 
615676 77.051551 
700970 98.477726 
886092 225.812292 
840814 134.075494 
404481 142.458623 
734177 116.294734 
339106 67.640788 
942667 179.124495 
44863 27.824239 
950521 212.535191 
991906 178.113863 
685109 228.745172 
877956 228.210288 
175408 142.738420 
559549 116.896953 
445185 89.152257 
809686 240.424078 
308539 87.560213 
468075 123.743153 
518452 185.433935 
670811 192.189877 
130988 39.375131 
132334 59.837653 
204265 80.427656 
858181 142.047650 
637447 82.062067 
493396 100.771769 
136606 72.770241 
722025 157.323056 
215745 95.670891 
408969 126.631414 
268332 59.154159 
496097 90.731030 
828710 194.105468 
561647 99.213906 
410620 110.982681 
303252 137.672271 
194203 76.791611 
215296 107.466719 
721610 210.089354 
656746 149.548986 
899069 113.174250 
519538 141.900169 
121537 87.655547 
655782 128.077843 
74245 62.935452 
648147 141.268857 
561331 122.775278 
931174 110.925962 
852350 92.213007 
831799 175.451282 
961281 119.488390 
562686 149.463365 
472631 138.729600 
175426 110.269675 
309287 137.792135 
820289 198.044040 
495374 105.377914 
627914 92.859005 
340190 105.718990 
695877 145.723815 
964459 190.306531 
598824 106.128956 
785685 239.754440 
728250 146.868566 
829052 195.334162 
702629 211.741658 
95895 96.409878 
999845 203.365892 
828081 123.488793 
222286 157.187810 
881108 232.145679 
429325 140.815630 
251531 133.111283 
650532 178.220773 
164983 89.447449 
392310 108.079600 
301207 73.000457 
81919 62.803393 
395006 150.681161 
265446 85.327214 
757600 129.919777 
418571 195.709006 
351606 106.680004 
680430 226.680803 
274195 61.597109 
272872 91.206950 
979851 101.442291 
957560 167.341627 
48794 28.034746 
506711 97.615943 
975073 170.747459 
253195 75.751113 
979210 226.403611 
815078 284.977597 
260207 102.954700 
472881 86.538191 
865667 178.758326 
901190 139.471024 
923073 160.822575 
687276 176.669794 
381369 133.563303 
954048 148.426425 
243570 85.284803 
365533 176.371317 
443287 128.599335 
981310 156.482743 
289897 105.581961 
499304 94.891281 
67558 69.212986 
479300 130.271746 
238440 92.074209 
629807 83.160759 
654530 125.376941 
926275 196.951856 
727370 94.574786 
769333 133.301093 
207614 61.720415 
76191 64.973583 
914793 78.770141 
591047 162.540603 
603091 136.458663 
579600 109.315509 
435233 117.738809 
602349 159.044874 
912959 185.834797 
834663 165.656634 
413749 148.836265 
144194 76.368157 
136012 72.360815 
895190 112.998871 
569935 124.759193 
403370 113.788820 
654439 88.534621 
91129 61.705571 
961572 179.866151 
82751 54.915262 
606970 136.778647 
469281 73.472994 
724999 133.169389 
786066 140.361481 
422464 90.874667 
943839 166.020867 
922277 141.151024 
574089 205.510513 
978307 105.990418 
885495 168.936052 
799867 106.064431 
759661 135.348418 
398932 86.070316 
508422 195.472442 
500664 123.410210 
731052 123.830827 
681268 177.331562 
692819 163.222735 
664850 102.652704 
935596 140.326683 
801673 96.894330 
50033 24.760184 
358283 103.353583 
681032 192.772445 
587586 144.391913 
173366 78.362410 
802807 184.573554 
875271 117.483922 
831022 108.762883 
894812 190.113868 
102004 85.096513 
451898 91.691650 
722525 190.425606 
463906 152.654325 
343045 123.505570 
757572 169.729203 
352724 84.488224 
392373 78.772000 
18635 21.220522 
312279 84.374563 
242009 53.461149 
736518 101.954562 
539893 141.307223 
948491 249.975938 
864560 159.305001 
285823 97.192748 
110493 50.306911 
797744 146.937052 
572303 142.457180 
631908 114.051664 
560585 159.412689 
275659 67.333308 
740916 95.681889 
142693 85.531684 
392860 121.858608 
19494 20.560151 
891829 171.027712 
370366 83.085250 
27176 32.833936 
171715 98.198942 
849265 269.637382 
841770 178.937512 
953994 231.473485 
342134 102.079014 
367434 70.190802 
409180 95.242558 
665917 192.521642 
369861 159.777318 
418877 81.286909 
173844 78.067662 
162343 49.614242 
984798 122.064343 
127697 40.909859 
487712 80.370845 
985940 258.576711 
996803 179.470235 
661130 228.658328 
556153 118.337868 
990481 181.082526 
950514 326.282233 
857450 263.005635 
939874 159.374608 
66352 36.620275 
569107 95.209034 
321576 99.380182 
386394 74.507141 
901258 138.540751 
572651 138.537259 
544925 131.380214 
394091 103.482605 
824579 106.837442 
256388 62.377514 
196991 86.833578 
15831 22.479352 
489725 92.244391 
927041 160.933840 
32157 28.877348 
276667 114.000736 
735860 133.591361 
860930 219.538334 
198869 75.453894 
667668 101.698950 
13899 21.993958 
173732 101.398273 
733729 195.612569 
65117 82.234512 
433667 160.806426 
972856 97.536486 
653954 101.663085 
313109 68.551537 
110815 47.264247 
357088 131.397966 
155562 60.899390 
674426 155.681590 
788283 225.712330 
924850 181.088534 
944878 186.002743 
759469 128.760292 
373829 77.752097 
686787 248.064742 
543403 103.544365 
694994 222.058482 
25028 28.647090 
681582 149.284432 
42048 26.669400 
881714 223.301794 
872246 137.297257 
329185 156.433509 
335848 154.443870 
929057 201.891894 
749450 87.349145 
101353 72.074680 
801551 222.061315 
173110 112.066146 
139189 41.366452 
236429 112.592297 
126398 81.916830 
565988 161.360904 
664619 184.349913 
202583 65.407546 
654709 94.085458 
575106 206.963358 
430884 126.293409 
616423 108.560545 
947891 126.261316 
329160 86.361877 
35752 24.335070 
505418 87.707514 
763494 117.415940 
235251 121.572810 
58124 35.567822 
532775 166.442208 
228214 69.342183 
390044 112.008533 
314533 76.505210 
839258 123.531636 
416068 110.204873 
387076 86.043066 
943154 116.624393 
342131 102.379274 
700448 116.324644 
995216 117.946239 
819557 121.496904 
769202 99.641017 
674628 112.265632 
741000 294.017659 
325620 141.319458 
101383 32.098925 
958844 166.275451 
424831 106.373471 
164552 72.375791 
875649 185.246699 
795819 131.245342 
77031 68.494032 
157585 51.487986 
330593 158.441071 
67247 41.533102 
283110 102.363524 
849334 87.669951 
193841 94.482744 
695223 120.349415 
803389 195.777811 
747659 166.734561 
985812 165.529935 
857675 202.126809 
900267 252.107924 
305454 96.970310 
503359 129.914470 
324714 60.624296 
258730 92.366713 
592966 191.340743 
922874 240.893191 
776343 230.507045 
331671 77.122863 
367829 74.875649 
822419 140.080649 
493381 106.700115 
918210 199.575281 
98299 86.458639 
117126 77.403198 
512194 94.249374 
162687 77.430265 
225116 49.028460 
272394 98.968343 
991676 110.329408 
579657 130.112517 
550266 143.681901 
508492 99.103716 
617333 95.565330 
235370 71.599532 
641710 173.496913 
675061 154.327815 
300277 68.914670 
910594 194.275094 
132544 73.051167 
45833 31.141234 
403163 112.740574 
478630 124.539848 
287310 94.672168 
478210 159.357665 
910105 212.313591 
340912 168.651250 
601276 202.108749 
140025 59.378949 
616210 97.993484 
531475 133.498978 
489577 79.138232 
179589 75.310031 
767618 149.533546 
834751 121.161315 
149371 68.727652 
471810 131.524368 
222456 48.278264 
61576 44.695064 
593610 157.262556 
833451 138.121319 
941863 185.150203 
149521 50.422642 
692293 252.327642 
591861 150.657786 
854077 262.154163 
679367 100.221925 
542407 141.937071 
487579 101.666575 
573765 140.746827 
756181 210.719428 
220390 79.390714 
261022 100.495697 
433134 89.121803 
754931 180.720364 
685495 137.662140 
587651 79.980048 
975575 271.903779 
707392 147.579655 
94836 32.644785 
229524 63.041738 
442498 149.060749 
651469 141.747279 
206037 77.824161 
763139 169.226974 
551438 118.312837 
973973 146.565185 
505959 117.190971 
824200 164.925825 
247999 65.312904 
262961 92.212802 
519579 144.193758 
739835 305.202186 
944361 122.394931 
110265 57.555343 
534030 191.856025 
497642 114.183595 
518547 148.315840 
535131 232.543967 
617084 197.150305 
385350 87.117413 
926234 153.313504 
416749 148.840054 
203888 113.008354 
550175 101.198159 
854431 153.582117 
180415 65.519589 
305532 120.278292 
780874 111.315211 
235850 93.027732 
915940 227.982181 
640649 93.860844 
170507 115.936884 
48460 51.490763 
862983 155.551944 
818246 181.498257 
848351 387.646436 
577398 182.683195 
54257 27.222965 
619973 124.910514 
570383 100.041298 
899978 156.603541 
253478 94.546109 
123228 73.840975 
97230 85.835172 
112339 32.960042 
971954 143.481449 
687370 168.380271 
838541 177.070171 
638733 114.458583 
81182 37.321156 
333276 72.264889 
22593 26.552779 
163580 41.316346 
441082 92.638741 
979940 130.423052 
10925 23.833376 
666020 173.911791 
916483 176.224122 
